0.16666666666666666 0.16666666666666666 0.3333333333333333 0.16666666666666666 0.16666666666666666
0.13793103448275862 0.3103448275862069 0.3448275862068966 0.1724137931034483 0.034482758620689655
0.14285714285714285 0.14285714285714285 0.42857142857142855 0.14285714285714285 0.14285714285714285
0.125 0.125 0.5 0.125 0.125
0.1111111111111111 0.3333333333333333 0.3333333333333333 0.1111111111111111 0.1111111111111111
0.17857142857142858 0.20238095238095238 0.5 0.10714285714285714 0.011904761904761904
0.05 0.16666666666666666 0.7 0.06666666666666667 0.016666666666666666
0.28125 0.0625 0.4375 0.1875 0.03125
0.15384615384615385 0.07692307692307693 0.6153846153846154 0.07692307692307693 0.07692307692307693
0.1111111111111111 0.2222222222222222 0.4444444444444444 0.1111111111111111 0.1111111111111111
0.3684210526315789 0.21052631578947367 0.3684210526315789 0.02631578947368421 0.02631578947368421
0.12 0.1 0.7 0.06 0.02
0.09090909090909091 0.18181818181818182 0.45454545454545453 0.18181818181818182 0.09090909090909091
0.1 0.2 0.5 0.1 0.1
0.2 0.1 0.4 0.2 0.1
0.24 0.04 0.44 0.24 0.04
0.13157894736842105 0.2631578947368421 0.5263157894736842 0.05263157894736842 0.02631578947368421
0.16666666666666666 0.4166666666666667 0.25 0.08333333333333333 0.08333333333333333
0.045454545454545456 0.045454545454545456 0.8181818181818182 0.045454545454545456 0.045454545454545456
0.26666666666666666 0.2 0.4 0.1 0.03333333333333333
0.09090909090909091 0.09090909090909091 0.6363636363636364 0.09090909090909091 0.09090909090909091
0.19444444444444445 0.1388888888888889 0.625 0.027777777777777776 0.013888888888888888
0.2727272727272727 0.06060606060606061 0.5757575757575758 0.06060606060606061 0.030303030303030304
0.0821917808219178 0.1780821917808219 0.6712328767123288 0.0410958904109589 0.0273972602739726
0.09090909090909091 0.2727272727272727 0.45454545454545453 0.09090909090909091 0.09090909090909091
0.05 0.4 0.45 0.05 0.05
0.14285714285714285 0.14285714285714285 0.5714285714285714 0.07142857142857142 0.07142857142857142
0.25 0.125 0.375 0.125 0.125
0.0625 0.15625 0.65625 0.09375 0.03125
0.06666666666666667 0.23333333333333334 0.5666666666666667 0.1 0.03333333333333333
0.125 0.25 0.125 0.375 0.125
0.09090909090909091 0.18181818181818182 0.5454545454545454 0.09090909090909091 0.09090909090909091
0.16666666666666666 0.16666666666666666 0.3333333333333333 0.16666666666666666 0.16666666666666666
0.07142857142857142 0.07142857142857142 0.6428571428571429 0.14285714285714285 0.07142857142857142
0.25 0.08333333333333333 0.3333333333333333 0.25 0.08333333333333333
0.21052631578947367 0.2631578947368421 0.42105263157894735 0.05263157894736842 0.05263157894736842
0.09090909090909091 0.36363636363636365 0.36363636363636365 0.09090909090909091 0.09090909090909091
0.14285714285714285 0.42857142857142855 0.14285714285714285 0.14285714285714285 0.14285714285714285
0.2727272727272727 0.09090909090909091 0.36363636363636365 0.18181818181818182 0.09090909090909091
0.1282051282051282 0.1794871794871795 0.46153846153846156 0.20512820512820512 0.02564102564102564
0.125 0.25 0.375 0.125 0.125
0.16666666666666666 0.5 0.16666666666666666 0.08333333333333333 0.08333333333333333
0.04 0.04 0.8 0.08 0.04
0.06451612903225806 0.12903225806451613 0.6129032258064516 0.16129032258064516 0.03225806451612903
0.06896551724137931 0.1896551724137931 0.7068965517241379 0.017241379310344827 0.017241379310344827
0.29545454545454547 0.20454545454545456 0.4090909090909091 0.06818181818181818 0.022727272727272728
0.041666666666666664 0.08333333333333333 0.7916666666666666 0.041666666666666664 0.041666666666666664
0.058823529411764705 0.058823529411764705 0.7058823529411765 0.11764705882352941 0.058823529411764705
0.12 0.5 0.32 0.04 0.02
0.13333333333333333 0.13333333333333333 0.6 0.06666666666666667 0.06666666666666667
0.23076923076923078 0.07692307692307693 0.3076923076923077 0.3076923076923077 0.07692307692307693
0.3125 0.3125 0.25 0.0625 0.0625
0.21428571428571427 0.25 0.35714285714285715 0.14285714285714285 0.03571428571428571
0.058823529411764705 0.17647058823529413 0.6470588235294118 0.058823529411764705 0.058823529411764705
0.23958333333333334 0.19791666666666666 0.4166666666666667 0.13541666666666666 0.010416666666666666
0.03225806451612903 0.24193548387096775 0.6774193548387096 0.03225806451612903 0.016129032258064516
0.07142857142857142 0.07142857142857142 0.7857142857142857 0.03571428571428571 0.03571428571428571
0.4666666666666667 0.13333333333333333 0.26666666666666666 0.06666666666666667 0.06666666666666667
0.08115942028985507 0.3130434782608696 0.5884057971014492 0.014492753623188406 0.002898550724637681
0.23076923076923078 0.07692307692307693 0.46153846153846156 0.15384615384615385 0.07692307692307693
0.125 0.125 0.375 0.25 0.125
0.375 0.125 0.25 0.125 0.125
0.09090909090909091 0.18181818181818182 0.5454545454545454 0.09090909090909091 0.09090909090909091
0.18181818181818182 0.09090909090909091 0.5454545454545454 0.09090909090909091 0.09090909090909091
0.07142857142857142 0.07142857142857142 0.7142857142857143 0.07142857142857142 0.07142857142857142
0.11764705882352941 0.23529411764705882 0.47058823529411764 0.11764705882352941 0.058823529411764705
0.15384615384615385 0.3076923076923077 0.38461538461538464 0.07692307692307693 0.07692307692307693
0.045454545454545456 0.5454545454545454 0.3181818181818182 0.045454545454545456 0.045454545454545456
0.045454545454545456 0.22727272727272727 0.6363636363636364 0.045454545454545456 0.045454545454545456
0.2222222222222222 0.2222222222222222 0.3333333333333333 0.1111111111111111 0.1111111111111111
0.025974025974025976 0.16883116883116883 0.7792207792207793 0.012987012987012988 0.012987012987012988
0.06741573033707865 0.1348314606741573 0.7640449438202247 0.02247191011235955 0.011235955056179775
0.07142857142857142 0.14285714285714285 0.6428571428571429 0.07142857142857142 0.07142857142857142
0.2222222222222222 0.1111111111111111 0.3333333333333333 0.2222222222222222 0.1111111111111111
0.16666666666666666 0.16666666666666666 0.3333333333333333 0.16666666666666666 0.16666666666666666
0.14285714285714285 0.14285714285714285 0.42857142857142855 0.14285714285714285 0.14285714285714285
0.12345679012345678 0.2962962962962963 0.5555555555555556 0.012345679012345678 0.012345679012345678
0.043478260869565216 0.17391304347826086 0.6956521739130435 0.043478260869565216 0.043478260869565216
0.06666666666666667 0.13333333333333333 0.6 0.13333333333333333 0.06666666666666667
0.2916666666666667 0.1527777777777778 0.4722222222222222 0.06944444444444445 0.013888888888888888
0.036585365853658534 0.012195121951219513 0.926829268292683 0.012195121951219513 0.012195121951219513
0.2 0.1 0.4 0.1 0.2
0.1 0.3 0.2 0.3 0.1
0.2222222222222222 0.1111111111111111 0.3333333333333333 0.2222222222222222 0.1111111111111111
0.06060606060606061 0.09090909090909091 0.696969696969697 0.12121212121212122 0.030303030303030304
0.07692307692307693 0.07692307692307693 0.38461538461538464 0.38461538461538464 0.07692307692307693
0.16666666666666666 0.08333333333333333 0.6388888888888888 0.08333333333333333 0.027777777777777776
0.16666666666666666 0.16666666666666666 0.3333333333333333 0.16666666666666666 0.16666666666666666
0.11764705882352941 0.17647058823529413 0.5882352941176471 0.058823529411764705 0.058823529411764705
0.4444444444444444 0.1111111111111111 0.2222222222222222 0.1111111111111111 0.1111111111111111
0.3125 0.25 0.3125 0.0625 0.0625
0.2708333333333333 0.10416666666666667 0.4791666666666667 0.125 0.020833333333333332
0.09090909090909091 0.36363636363636365 0.36363636363636365 0.09090909090909091 0.09090909090909091
0.15384615384615385 0.23076923076923078 0.5769230769230769 0.019230769230769232 0.019230769230769232
0.18421052631578946 0.18421052631578946 0.5789473684210527 0.02631578947368421 0.02631578947368421
0.08333333333333333 0.16666666666666666 0.6666666666666666 0.05555555555555555 0.027777777777777776
0.1 0.1 0.6 0.1 0.1
0.03819444444444445 0.13541666666666666 0.7847222222222222 0.03125 0.010416666666666666
0.16666666666666666 0.16666666666666666 0.3333333333333333 0.16666666666666666 0.16666666666666666
0.07692307692307693 0.15384615384615385 0.6153846153846154 0.07692307692307693 0.07692307692307693
0.1875 0.125 0.5625 0.0625 0.0625
0.1111111111111111 0.1111111111111111 0.4444444444444444 0.2222222222222222 0.1111111111111111
0.08571428571428572 0.22857142857142856 0.6 0.05714285714285714 0.02857142857142857
0.0898876404494382 0.23595505617977527 0.6179775280898876 0.0449438202247191 0.011235955056179775
0.25 0.078125 0.46875 0.1875 0.015625
0.14285714285714285 0.2857142857142857 0.2857142857142857 0.14285714285714285 0.14285714285714285
0.2 0.1 0.4 0.2 0.1
0.0975609756097561 0.21951219512195122 0.6097560975609756 0.04878048780487805 0.024390243902439025
0.17647058823529413 0.17647058823529413 0.47058823529411764 0.11764705882352941 0.058823529411764705
0.1111111111111111 0.1111111111111111 0.5555555555555556 0.1111111111111111 0.1111111111111111
0.2727272727272727 0.09090909090909091 0.45454545454545453 0.09090909090909091 0.09090909090909091
0.125 0.25 0.375 0.125 0.125
0.07936507936507936 0.20634920634920634 0.5079365079365079 0.19047619047619047 0.015873015873015872
0.1111111111111111 0.3333333333333333 0.3333333333333333 0.1111111111111111 0.1111111111111111
0.043859649122807015 0.2807017543859649 0.5614035087719298 0.10526315789473684 0.008771929824561403
0.07692307692307693 0.07692307692307693 0.6153846153846154 0.15384615384615385 0.07692307692307693
0.03614457831325301 0.1686746987951807 0.7590361445783133 0.024096385542168676 0.012048192771084338
0.09375 0.09375 0.71875 0.0625 0.03125
0.3333333333333333 0.16666666666666666 0.16666666666666666 0.16666666666666666 0.16666666666666666
0.09523809523809523 0.047619047619047616 0.5714285714285714 0.23809523809523808 0.047619047619047616
0.16666666666666666 0.16666666666666666 0.5 0.08333333333333333 0.08333333333333333
0.17647058823529413 0.29411764705882354 0.4117647058823529 0.058823529411764705 0.058823529411764705
0.3125 0.1875 0.1875 0.25 0.0625
0.16666666666666666 0.3333333333333333 0.16666666666666666 0.16666666666666666 0.16666666666666666
0.0625 0.125 0.6875 0.0625 0.0625
0.07142857142857142 0.07142857142857142 0.7142857142857143 0.07142857142857142 0.07142857142857142
0.14814814814814814 0.25925925925925924 0.48148148148148145 0.07407407407407407 0.037037037037037035
0.05405405405405406 0.24324324324324326 0.5675675675675675 0.10810810810810811 0.02702702702702703
0.047619047619047616 0.23809523809523808 0.5714285714285714 0.09523809523809523 0.047619047619047616
0.0392156862745098 0.23529411764705882 0.5490196078431373 0.1568627450980392 0.0196078431372549
0.10526315789473684 0.15789473684210525 0.631578947368421 0.05263157894736842 0.05263157894736842
0.25 0.0625 0.5625 0.0625 0.0625
0.1 0.5 0.3 0.05 0.05
0.0625 0.375 0.4375 0.0625 0.0625
0.0625 0.0625 0.625 0.1875 0.0625
0.125 0.125 0.625 0.0625 0.0625
0.2608695652173913 0.13043478260869565 0.30434782608695654 0.2608695652173913 0.043478260869565216
0.14285714285714285 0.07142857142857142 0.5714285714285714 0.14285714285714285 0.07142857142857142
0.2 0.2 0.4 0.1 0.1
0.058823529411764705 0.17647058823529413 0.5882352941176471 0.11764705882352941 0.058823529411764705
0.08695652173913043 0.2608695652173913 0.5869565217391305 0.021739130434782608 0.043478260869565216
0.2 0.2 0.4 0.13333333333333333 0.06666666666666667
0.1 0.1 0.5 0.2 0.1
0.3333333333333333 0.16666666666666666 0.16666666666666666 0.16666666666666666 0.16666666666666666
0.08333333333333333 0.08333333333333333 0.6666666666666666 0.08333333333333333 0.08333333333333333
0.09090909090909091 0.09090909090909091 0.6363636363636364 0.09090909090909091 0.09090909090909091
0.16666666666666666 0.3333333333333333 0.16666666666666666 0.16666666666666666 0.16666666666666666
0.27586206896551724 0.1724137931034483 0.4827586206896552 0.034482758620689655 0.034482758620689655
0.07307692307692308 0.2 0.7076923076923077 0.015384615384615385 0.0038461538461538464
0.09090909090909091 0.18181818181818182 0.5454545454545454 0.09090909090909091 0.09090909090909091
0.10526315789473684 0.05263157894736842 0.7368421052631579 0.05263157894736842 0.05263157894736842
0.37209302325581395 0.23255813953488372 0.3488372093023256 0.023255813953488372 0.023255813953488372
0.16071428571428573 0.32142857142857145 0.48214285714285715 0.026785714285714284 0.008928571428571428
0.16666666666666666 0.16666666666666666 0.3333333333333333 0.16666666666666666 0.16666666666666666
0.29411764705882354 0.29411764705882354 0.17647058823529413 0.17647058823529413 0.058823529411764705
0.16666666666666666 0.16666666666666666 0.3333333333333333 0.16666666666666666 0.16666666666666666
0.14285714285714285 0.14285714285714285 0.42857142857142855 0.14285714285714285 0.14285714285714285
0.14285714285714285 0.14285714285714285 0.42857142857142855 0.14285714285714285 0.14285714285714285
0.25 0.125 0.375 0.125 0.125
0.14285714285714285 0.14285714285714285 0.2857142857142857 0.2857142857142857 0.14285714285714285
0.38095238095238093 0.2857142857142857 0.23809523809523808 0.047619047619047616 0.047619047619047616
0.09090909090909091 0.09090909090909091 0.6363636363636364 0.09090909090909091 0.09090909090909091
0.16666666666666666 0.16666666666666666 0.3333333333333333 0.16666666666666666 0.16666666666666666
0.05555555555555555 0.5555555555555556 0.2777777777777778 0.09722222222222222 0.013888888888888888
0.16666666666666666 0.16666666666666666 0.3333333333333333 0.16666666666666666 0.16666666666666666
0.06451612903225806 0.1935483870967742 0.6451612903225806 0.08064516129032258 0.016129032258064516
0.42857142857142855 0.14285714285714285 0.3333333333333333 0.047619047619047616 0.047619047619047616
0.034482758620689655 0.2413793103448276 0.6551724137931034 0.034482758620689655 0.034482758620689655
0.2222222222222222 0.1111111111111111 0.4444444444444444 0.1111111111111111 0.1111111111111111
0.13333333333333333 0.13333333333333333 0.5333333333333333 0.13333333333333333 0.06666666666666667
0.25 0.5961538461538461 0.11538461538461539 0.019230769230769232 0.019230769230769232
0.05263157894736842 0.21052631578947367 0.5263157894736842 0.15789473684210525 0.05263157894736842
0.07692307692307693 0.38461538461538464 0.4230769230769231 0.07692307692307693 0.038461538461538464
0.1 0.15 0.5 0.2 0.05
0.14893617021276595 0.1276595744680851 0.6595744680851063 0.0425531914893617 0.02127659574468085
0.3333333333333333 0.16666666666666666 0.16666666666666666 0.16666666666666666 0.16666666666666666
0.14492753623188406 0.30434782608695654 0.5072463768115942 0.028985507246376812 0.014492753623188406
0.07692307692307693 0.07692307692307693 0.6923076923076923 0.07692307692307693 0.07692307692307693
0.16666666666666666 0.08333333333333333 0.5833333333333334 0.08333333333333333 0.08333333333333333
0.1111111111111111 0.1111111111111111 0.5555555555555556 0.1111111111111111 0.1111111111111111
0.25 0.2 0.45 0.05 0.05
0.1 0.1 0.6 0.1 0.1
0.07142857142857142 0.21428571428571427 0.5714285714285714 0.07142857142857142 0.07142857142857142
0.2857142857142857 0.14285714285714285 0.2857142857142857 0.14285714285714285 0.14285714285714285
0.20588235294117646 0.2647058823529412 0.4117647058823529 0.08823529411764706 0.029411764705882353
0.06521739130434782 0.043478260869565216 0.8478260869565217 0.021739130434782608 0.021739130434782608
0.125 0.125 0.375 0.25 0.125
0.14285714285714285 0.2857142857142857 0.2857142857142857 0.14285714285714285 0.14285714285714285
0.08333333333333333 0.16666666666666666 0.5 0.16666666666666666 0.08333333333333333
0.16666666666666666 0.4166666666666667 0.16666666666666666 0.16666666666666666 0.08333333333333333
0.25 0.125 0.25 0.25 0.125
0.3333333333333333 0.1111111111111111 0.3333333333333333 0.1111111111111111 0.1111111111111111
0.23076923076923078 0.23076923076923078 0.38461538461538464 0.07692307692307693 0.07692307692307693
0.07142857142857142 0.19047619047619047 0.6190476190476191 0.09523809523809523 0.023809523809523808
0.4444444444444444 0.1111111111111111 0.2222222222222222 0.1111111111111111 0.1111111111111111
0.125 0.25 0.25 0.25 0.125
0.058823529411764705 0.17647058823529413 0.6470588235294118 0.058823529411764705 0.058823529411764705
0.14655172413793102 0.02586206896551724 0.8017241379310345 0.017241379310344827 0.008620689655172414
0.19402985074626866 0.23880597014925373 0.5074626865671642 0.04477611940298507 0.014925373134328358
0.16666666666666666 0.16666666666666666 0.3333333333333333 0.16666666666666666 0.16666666666666666
0.2222222222222222 0.1111111111111111 0.3333333333333333 0.2222222222222222 0.1111111111111111
0.2222222222222222 0.1111111111111111 0.4444444444444444 0.1111111111111111 0.1111111111111111
0.0625 0.0625 0.75 0.0625 0.0625
0.21428571428571427 0.14285714285714285 0.5357142857142857 0.03571428571428571 0.07142857142857142
0.12121212121212122 0.13636363636363635 0.6666666666666666 0.06060606060606061 0.015151515151515152
0.3333333333333333 0.08333333333333333 0.4166666666666667 0.08333333333333333 0.08333333333333333
0.18181818181818182 0.09090909090909091 0.45454545454545453 0.18181818181818182 0.09090909090909091
0.20454545454545456 0.13636363636363635 0.5681818181818182 0.06818181818181818 0.022727272727272728
0.16666666666666666 0.16666666666666666 0.3333333333333333 0.16666666666666666 0.16666666666666666
0.18181818181818182 0.09090909090909091 0.5454545454545454 0.09090909090909091 0.09090909090909091
0.1282051282051282 0.22435897435897437 0.4807692307692308 0.16025641025641027 0.00641025641025641
0.14285714285714285 0.14285714285714285 0.42857142857142855 0.14285714285714285 0.14285714285714285
0.25 0.08333333333333333 0.5 0.08333333333333333 0.08333333333333333
0.2222222222222222 0.2222222222222222 0.3333333333333333 0.1111111111111111 0.1111111111111111
0.16666666666666666 0.3333333333333333 0.16666666666666666 0.16666666666666666 0.16666666666666666
0.5 0.1 0.2 0.1 0.1
0.2 0.1 0.5 0.1 0.1
0.14285714285714285 0.3333333333333333 0.42857142857142855 0.047619047619047616 0.047619047619047616
0.2 0.1 0.5 0.1 0.1
0.25 0.25 0.25 0.125 0.125
0.09090909090909091 0.36363636363636365 0.36363636363636365 0.09090909090909091 0.09090909090909091
0.07692307692307693 0.15384615384615385 0.6153846153846154 0.07692307692307693 0.07692307692307693
0.3333333333333333 0.16666666666666666 0.16666666666666666 0.16666666666666666 0.16666666666666666
0.2857142857142857 0.14285714285714285 0.2857142857142857 0.14285714285714285 0.14285714285714285
0.16666666666666666 0.16666666666666666 0.3333333333333333 0.16666666666666666 0.16666666666666666
0.13402061855670103 0.2268041237113402 0.5876288659793815 0.041237113402061855 0.010309278350515464
0.16666666666666666 0.16666666666666666 0.3333333333333333 0.16666666666666666 0.16666666666666666
0.2 0.13333333333333333 0.5333333333333333 0.06666666666666667 0.06666666666666667
0.1111111111111111 0.1111111111111111 0.5555555555555556 0.1111111111111111 0.1111111111111111
0.08333333333333333 0.08333333333333333 0.5833333333333334 0.16666666666666666 0.08333333333333333
0.08333333333333333 0.5833333333333334 0.16666666666666666 0.08333333333333333 0.08333333333333333
0.2222222222222222 0.1111111111111111 0.4444444444444444 0.1111111111111111 0.1111111111111111
0.1875 0.3125 0.375 0.0625 0.0625
0.1111111111111111 0.4444444444444444 0.2222222222222222 0.1111111111111111 0.1111111111111111
0.05555555555555555 0.3888888888888889 0.35185185185185186 0.18518518518518517 0.018518518518518517
0.07142857142857142 0.21428571428571427 0.5714285714285714 0.07142857142857142 0.07142857142857142
0.06666666666666667 0.03333333333333333 0.8333333333333334 0.03333333333333333 0.03333333333333333
0.16666666666666666 0.16666666666666666 0.3333333333333333 0.16666666666666666 0.16666666666666666
0.16666666666666666 0.16666666666666666 0.3333333333333333 0.16666666666666666 0.16666666666666666
0.15 0.2 0.5 0.1 0.05
0.16666666666666666 0.3333333333333333 0.16666666666666666 0.16666666666666666 0.16666666666666666
0.15 0.45 0.3 0.05 0.05
0.16666666666666666 0.16666666666666666 0.3333333333333333 0.16666666666666666 0.16666666666666666
0.043478260869565216 0.4782608695652174 0.391304347826087 0.043478260869565216 0.043478260869565216
0.25 0.125 0.375 0.125 0.125
0.25 0.125 0.375 0.125 0.125
0.09375 0.15625 0.53125 0.1875 0.03125
0.2857142857142857 0.14285714285714285 0.2857142857142857 0.14285714285714285 0.14285714285714285
0.5555555555555556 0.1111111111111111 0.1111111111111111 0.1111111111111111 0.1111111111111111
0.038461538461538464 0.038461538461538464 0.8461538461538461 0.038461538461538464 0.038461538461538464
0.13333333333333333 0.06666666666666667 0.6666666666666666 0.06666666666666667 0.06666666666666667
0.08333333333333333 0.16666666666666666 0.5833333333333334 0.08333333333333333 0.08333333333333333
0.12307692307692308 0.26153846153846155 0.5692307692307692 0.03076923076923077 0.015384615384615385
0.1111111111111111 0.1111111111111111 0.6111111111111112 0.1111111111111111 0.05555555555555555
0.1 0.1 0.6 0.1 0.1
0.06666666666666667 0.2 0.6 0.06666666666666667 0.06666666666666667
0.125 0.125 0.5 0.125 0.125
0.375 0.125 0.25 0.125 0.125
0.047619047619047616 0.14285714285714285 0.7142857142857143 0.047619047619047616 0.047619047619047616
0.08695652173913043 0.08695652173913043 0.30434782608695654 0.4782608695652174 0.043478260869565216
0.3333333333333333 0.16666666666666666 0.16666666666666666 0.16666666666666666 0.16666666666666666
0.1595744680851064 0.1276595744680851 0.6702127659574468 0.031914893617021274 0.010638297872340425
0.21428571428571427 0.07142857142857142 0.5714285714285714 0.07142857142857142 0.07142857142857142
0.3333333333333333 0.16666666666666666 0.16666666666666666 0.16666666666666666 0.16666666666666666
0.16216216216216217 0.08108108108108109 0.6486486486486487 0.08108108108108109 0.02702702702702703
0.2222222222222222 0.1111111111111111 0.5555555555555556 0.05555555555555555 0.05555555555555555
0.0625 0.0625 0.6875 0.125 0.0625
0.07692307692307693 0.15384615384615385 0.6153846153846154 0.07692307692307693 0.07692307692307693
0.1388888888888889 0.3888888888888889 0.3888888888888889 0.05555555555555555 0.027777777777777776
0.125 0.125 0.5 0.125 0.125
0.2222222222222222 0.1111111111111111 0.4444444444444444 0.1111111111111111 0.1111111111111111
0.058823529411764705 0.058823529411764705 0.7647058823529411 0.058823529411764705 0.058823529411764705
0.16666666666666666 0.16666666666666666 0.3333333333333333 0.16666666666666666 0.16666666666666666
0.2413793103448276 0.13793103448275862 0.5172413793103449 0.06896551724137931 0.034482758620689655
0.17391304347826086 0.43478260869565216 0.3565217391304348 0.02608695652173913 0.008695652173913044
0.2777777777777778 0.16666666666666666 0.3888888888888889 0.1111111111111111 0.05555555555555555
0.2043132803632236 0.39500567536889897 0.17593643586833144 0.21793416572077184 0.00681044267877412
0.16666666666666666 0.16666666666666666 0.3333333333333333 0.16666666666666666 0.16666666666666666
0.1111111111111111 0.4074074074074074 0.4074074074074074 0.037037037037037035 0.037037037037037035
0.17647058823529413 0.29411764705882354 0.4117647058823529 0.058823529411764705 0.058823529411764705
0.16666666666666666 0.16666666666666666 0.3333333333333333 0.16666666666666666 0.16666666666666666
0.1111111111111111 0.1111111111111111 0.6111111111111112 0.1111111111111111 0.05555555555555555
0.13333333333333333 0.2222222222222222 0.5777777777777777 0.044444444444444446 0.022222222222222223
0.13043478260869565 0.30434782608695654 0.4782608695652174 0.06521739130434782 0.021739130434782608
0.11428571428571428 0.2 0.5428571428571428 0.11428571428571428 0.02857142857142857
0.06451612903225806 0.6774193548387096 0.16129032258064516 0.06451612903225806 0.03225806451612903
0.04 0.08 0.8 0.04 0.04
0.04878048780487805 0.23170731707317074 0.6951219512195121 0.012195121951219513 0.012195121951219513
0.1 0.2 0.4 0.2 0.1
0.25 0.125 0.375 0.125 0.125
0.047619047619047616 0.19047619047619047 0.6190476190476191 0.09523809523809523 0.047619047619047616
0.1111111111111111 0.2222222222222222 0.5925925925925926 0.037037037037037035 0.037037037037037035
0.10714285714285714 0.14285714285714285 0.6785714285714286 0.03571428571428571 0.03571428571428571
0.15384615384615385 0.38461538461538464 0.23076923076923078 0.15384615384615385 0.07692307692307693
0.14285714285714285 0.42857142857142855 0.14285714285714285 0.14285714285714285 0.14285714285714285
0.2727272727272727 0.45454545454545453 0.09090909090909091 0.09090909090909091 0.09090909090909091
0.07692307692307693 0.21794871794871795 0.6538461538461539 0.038461538461538464 0.01282051282051282
0.05555555555555555 0.09259259259259259 0.7777777777777778 0.05555555555555555 0.018518518518518517
0.16666666666666666 0.16666666666666666 0.3333333333333333 0.16666666666666666 0.16666666666666666
0.2 0.1 0.4 0.2 0.1
0.12903225806451613 0.12903225806451613 0.5806451612903226 0.0967741935483871 0.06451612903225806
0.3076923076923077 0.07692307692307693 0.38461538461538464 0.15384615384615385 0.07692307692307693
0.125 0.25 0.375 0.125 0.125
0.16666666666666666 0.16666666666666666 0.3333333333333333 0.16666666666666666 0.16666666666666666
0.10606060606060606 0.2878787878787879 0.5303030303030303 0.06060606060606061 0.015151515151515152
0.04 0.48 0.44 0.02 0.02
0.07692307692307693 0.15384615384615385 0.46153846153846156 0.23076923076923078 0.07692307692307693
0.1 0.25 0.55 0.05 0.05
0.05 0.15 0.7 0.05 0.05
0.04861111111111111 0.3715277777777778 0.5590277777777778 0.017361111111111112 0.003472222222222222
0.24 0.16 0.44 0.12 0.04
0.16666666666666666 0.16666666666666666 0.3333333333333333 0.16666666666666666 0.16666666666666666
0.1040268456375839 0.15771812080536912 0.6879194630872483 0.04697986577181208 0.003355704697986577
0.07692307692307693 0.07692307692307693 0.6923076923076923 0.07692307692307693 0.07692307692307693
0.16666666666666666 0.08333333333333333 0.5833333333333334 0.08333333333333333 0.08333333333333333
0.25 0.25 0.25 0.125 0.125
0.1111111111111111 0.2222222222222222 0.4444444444444444 0.1111111111111111 0.1111111111111111
0.10869565217391304 0.13043478260869565 0.717391304347826 0.021739130434782608 0.021739130434782608
0.3157894736842105 0.10526315789473684 0.47368421052631576 0.05263157894736842 0.05263157894736842
0.1111111111111111 0.1111111111111111 0.5555555555555556 0.1111111111111111 0.1111111111111111
0.125 0.125 0.5 0.125 0.125
0.18840579710144928 0.34057971014492755 0.391304347826087 0.07246376811594203 0.007246376811594203
0.125 0.3125 0.5 0.03125 0.03125
0.04 0.32 0.56 0.04 0.04
0.21052631578947367 0.15789473684210525 0.5263157894736842 0.05263157894736842 0.05263157894736842
0.25 0.125 0.375 0.125 0.125
0.25 0.25 0.25 0.125 0.125
0.20408163265306123 0.3469387755102041 0.40816326530612246 0.02040816326530612 0.02040816326530612
0.4444444444444444 0.2222222222222222 0.1111111111111111 0.1111111111111111 0.1111111111111111
0.17647058823529413 0.058823529411764705 0.6470588235294118 0.058823529411764705 0.058823529411764705
0.12396694214876033 0.1487603305785124 0.6033057851239669 0.11570247933884298 0.008264462809917356
0.13333333333333333 0.2 0.26666666666666666 0.3333333333333333 0.06666666666666667
0.05555555555555555 0.16666666666666666 0.6111111111111112 0.1111111111111111 0.05555555555555555
0.16666666666666666 0.16666666666666666 0.5 0.08333333333333333 0.08333333333333333
0.14285714285714285 0.14285714285714285 0.42857142857142855 0.14285714285714285 0.14285714285714285
0.08333333333333333 0.3333333333333333 0.4166666666666667 0.08333333333333333 0.08333333333333333
0.15384615384615385 0.07692307692307693 0.5384615384615384 0.15384615384615385 0.07692307692307693
0.16666666666666666 0.16666666666666666 0.3333333333333333 0.16666666666666666 0.16666666666666666
0.19631901840490798 0.1901840490797546 0.4601226993865031 0.147239263803681 0.006134969325153374
0.16666666666666666 0.16666666666666666 0.3333333333333333 0.16666666666666666 0.16666666666666666
0.08333333333333333 0.08333333333333333 0.6666666666666666 0.08333333333333333 0.08333333333333333
0.2857142857142857 0.14285714285714285 0.35714285714285715 0.14285714285714285 0.07142857142857142
0.1111111111111111 0.18518518518518517 0.5925925925925926 0.07407407407407407 0.037037037037037035
0.2571428571428571 0.2857142857142857 0.34285714285714286 0.08571428571428572 0.02857142857142857
0.054380664652567974 0.3806646525679758 0.5498489425981873 0.012084592145015106 0.0030211480362537764
0.09090909090909091 0.3181818181818182 0.45454545454545453 0.09090909090909091 0.045454545454545456
0.1 0.2 0.6 0.06666666666666667 0.03333333333333333
0.15 0.05 0.6 0.15 0.05
0.10526315789473684 0.10526315789473684 0.6842105263157895 0.05263157894736842 0.05263157894736842
0.34146341463414637 0.12195121951219512 0.34146341463414637 0.17073170731707318 0.024390243902439025
0.08333333333333333 0.16666666666666666 0.4166666666666667 0.25 0.08333333333333333
0.17647058823529413 0.11764705882352941 0.23529411764705882 0.4117647058823529 0.058823529411764705
0.11666666666666667 0.11666666666666667 0.7 0.05 0.016666666666666666
0.15 0.25 0.45 0.1 0.05
0.18181818181818182 0.09090909090909091 0.5454545454545454 0.09090909090909091 0.09090909090909091
0.03571428571428571 0.2857142857142857 0.5357142857142857 0.10714285714285714 0.03571428571428571
0.125 0.125 0.375 0.25 0.125
0.2222222222222222 0.2222222222222222 0.2222222222222222 0.2222222222222222 0.1111111111111111
0.17391304347826086 0.1956521739130435 0.45652173913043476 0.15217391304347827 0.021739130434782608
0.2857142857142857 0.14285714285714285 0.2857142857142857 0.14285714285714285 0.14285714285714285
0.15384615384615385 0.15384615384615385 0.5384615384615384 0.07692307692307693 0.07692307692307693
0.16666666666666666 0.06666666666666667 0.43333333333333335 0.3 0.03333333333333333
0.14285714285714285 0.14285714285714285 0.42857142857142855 0.14285714285714285 0.14285714285714285
0.14285714285714285 0.14285714285714285 0.42857142857142855 0.14285714285714285 0.14285714285714285
0.2727272727272727 0.09090909090909091 0.45454545454545453 0.09090909090909091 0.09090909090909091
0.10317460317460317 0.48412698412698413 0.3412698412698413 0.047619047619047616 0.023809523809523808
0.05714285714285714 0.34285714285714286 0.5142857142857142 0.05714285714285714 0.02857142857142857
0.1 0.2 0.4 0.2 0.1
0.11811023622047244 0.1732283464566929 0.5354330708661418 0.16535433070866143 0.007874015748031496
0.09137055837563451 0.17258883248730963 0.5228426395939086 0.19796954314720813 0.015228426395939087
0.18181818181818182 0.09090909090909091 0.45454545454545453 0.18181818181818182 0.09090909090909091
0.16326530612244897 0.1836734693877551 0.5510204081632653 0.08163265306122448 0.02040816326530612
0.14285714285714285 0.2857142857142857 0.2857142857142857 0.14285714285714285 0.14285714285714285
0.1111111111111111 0.1111111111111111 0.4444444444444444 0.2222222222222222 0.1111111111111111
0.14285714285714285 0.14285714285714285 0.42857142857142855 0.14285714285714285 0.14285714285714285
0.125 0.125 0.5 0.125 0.125
0.1 0.1 0.6 0.1 0.1
0.0821917808219178 0.273972602739726 0.6164383561643836 0.0136986301369863 0.0136986301369863
0.16666666666666666 0.16666666666666666 0.3333333333333333 0.16666666666666666 0.16666666666666666
0.17391304347826086 0.30434782608695654 0.391304347826087 0.08695652173913043 0.043478260869565216
0.2222222222222222 0.1111111111111111 0.4444444444444444 0.1111111111111111 0.1111111111111111
0.16666666666666666 0.16666666666666666 0.3333333333333333 0.16666666666666666 0.16666666666666666
0.35714285714285715 0.07142857142857142 0.21428571428571427 0.2857142857142857 0.07142857142857142
0.2 0.1 0.4 0.2 0.1
0.16666666666666666 0.1 0.6333333333333333 0.06666666666666667 0.03333333333333333
0.09090909090909091 0.09090909090909091 0.6363636363636364 0.09090909090909091 0.09090909090909091
0.1111111111111111 0.1111111111111111 0.4444444444444444 0.1111111111111111 0.2222222222222222
0.091324200913242 0.0958904109589041 0.7488584474885844 0.0593607305936073 0.0045662100456621
0.16666666666666666 0.16666666666666666 0.3333333333333333 0.16666666666666666 0.16666666666666666
0.07894736842105263 0.05263157894736842 0.8289473684210527 0.02631578947368421 0.013157894736842105
0.16666666666666666 0.16666666666666666 0.3333333333333333 0.16666666666666666 0.16666666666666666
0.125 0.125 0.375 0.125 0.25
0.09090909090909091 0.09090909090909091 0.6363636363636364 0.09090909090909091 0.09090909090909091
0.14285714285714285 0.14285714285714285 0.42857142857142855 0.14285714285714285 0.14285714285714285
0.09090909090909091 0.09090909090909091 0.6363636363636364 0.09090909090909091 0.09090909090909091
0.058823529411764705 0.14705882352941177 0.5882352941176471 0.17647058823529413 0.029411764705882353
0.14285714285714285 0.14285714285714285 0.42857142857142855 0.14285714285714285 0.14285714285714285
0.15151515151515152 0.3787878787878788 0.36363636363636365 0.09090909090909091 0.015151515151515152
0.15789473684210525 0.05263157894736842 0.6842105263157895 0.05263157894736842 0.05263157894736842
0.25 0.25 0.25 0.125 0.125
0.016666666666666666 0.21666666666666667 0.7333333333333333 0.016666666666666666 0.016666666666666666
0.15714285714285714 0.3142857142857143 0.4714285714285714 0.02857142857142857 0.02857142857142857
0.16666666666666666 0.16666666666666666 0.3333333333333333 0.16666666666666666 0.16666666666666666
0.20833333333333334 0.1875 0.5416666666666666 0.041666666666666664 0.020833333333333332
0.1111111111111111 0.1111111111111111 0.5555555555555556 0.1111111111111111 0.1111111111111111
0.3333333333333333 0.16666666666666666 0.16666666666666666 0.16666666666666666 0.16666666666666666
0.2 0.2 0.44 0.12 0.04
0.07142857142857142 0.07142857142857142 0.7142857142857143 0.07142857142857142 0.07142857142857142
0.2826086956521739 0.13043478260869565 0.4782608695652174 0.08695652173913043 0.021739130434782608
0.08333333333333333 0.25 0.25 0.3333333333333333 0.08333333333333333
0.14285714285714285 0.2857142857142857 0.2857142857142857 0.14285714285714285 0.14285714285714285
0.2857142857142857 0.14285714285714285 0.2857142857142857 0.14285714285714285 0.14285714285714285
0.28 0.2 0.44 0.04 0.04
0.042735042735042736 0.26495726495726496 0.6410256410256411 0.042735042735042736 0.008547008547008548
0.1 0.1 0.6 0.1 0.1
0.16666666666666666 0.16666666666666666 0.3333333333333333 0.16666666666666666 0.16666666666666666
0.5 0.14285714285714285 0.21428571428571427 0.07142857142857142 0.07142857142857142
0.18181818181818182 0.18181818181818182 0.36363636363636365 0.18181818181818182 0.09090909090909091
0.16666666666666666 0.16666666666666666 0.3333333333333333 0.16666666666666666 0.16666666666666666
0.07692307692307693 0.15384615384615385 0.3076923076923077 0.3076923076923077 0.15384615384615385
0.14285714285714285 0.14285714285714285 0.6071428571428571 0.07142857142857142 0.03571428571428571
0.11428571428571428 0.17142857142857143 0.6571428571428571 0.02857142857142857 0.02857142857142857
0.1111111111111111 0.1111111111111111 0.5555555555555556 0.1111111111111111 0.1111111111111111
0.06896551724137931 0.1724137931034483 0.6551724137931034 0.06896551724137931 0.034482758620689655
0.27380952380952384 0.15476190476190477 0.4880952380952381 0.07142857142857142 0.011904761904761904
0.14285714285714285 0.14285714285714285 0.2857142857142857 0.2857142857142857 0.14285714285714285
0.11764705882352941 0.11764705882352941 0.6470588235294118 0.058823529411764705 0.058823529411764705
0.45454545454545453 0.09090909090909091 0.2727272727272727 0.09090909090909091 0.09090909090909091
0.2857142857142857 0.047619047619047616 0.5714285714285714 0.047619047619047616 0.047619047619047616
0.375 0.125 0.25 0.125 0.125
0.2 0.06666666666666667 0.5666666666666667 0.13333333333333333 0.03333333333333333
0.0625 0.22115384615384615 0.6394230769230769 0.07211538461538461 0.004807692307692308
0.15789473684210525 0.15789473684210525 0.5263157894736842 0.05263157894736842 0.10526315789473684
0.18181818181818182 0.18181818181818182 0.6 0.01818181818181818 0.01818181818181818
0.13725490196078433 0.5294117647058824 0.18627450980392157 0.11764705882352941 0.029411764705882353
0.08333333333333333 0.08333333333333333 0.6666666666666666 0.08333333333333333 0.08333333333333333
0.125 0.25 0.375 0.125 0.125
0.29411764705882354 0.14705882352941177 0.5 0.029411764705882353 0.029411764705882353
0.08235294117647059 0.24705882352941178 0.5823529411764706 0.08235294117647059 0.0058823529411764705
0.05263157894736842 0.6842105263157895 0.15789473684210525 0.05263157894736842 0.05263157894736842
0.10526315789473684 0.03508771929824561 0.7894736842105263 0.05263157894736842 0.017543859649122806
0.14285714285714285 0.07142857142857142 0.6785714285714286 0.07142857142857142 0.03571428571428571
0.07142857142857142 0.07142857142857142 0.7142857142857143 0.07142857142857142 0.07142857142857142
0.15789473684210525 0.07894736842105263 0.6578947368421053 0.07894736842105263 0.02631578947368421
0.2 0.1 0.5 0.1 0.1
0.125 0.125 0.5 0.125 0.125
0.16666666666666666 0.16666666666666666 0.3333333333333333 0.16666666666666666 0.16666666666666666
0.0851063829787234 0.3191489361702128 0.5106382978723404 0.06382978723404255 0.02127659574468085
0.1875 0.09375 0.625 0.0625 0.03125
0.11538461538461539 0.19230769230769232 0.6153846153846154 0.038461538461538464 0.038461538461538464
0.16666666666666666 0.16666666666666666 0.3333333333333333 0.16666666666666666 0.16666666666666666
0.059322033898305086 0.5847457627118644 0.3305084745762712 0.01694915254237288 0.00847457627118644
0.09090909090909091 0.18181818181818182 0.5454545454545454 0.09090909090909091 0.09090909090909091
0.2 0.06666666666666667 0.6 0.06666666666666667 0.06666666666666667
0.034482758620689655 0.46206896551724136 0.47586206896551725 0.020689655172413793 0.006896551724137931
0.13636363636363635 0.13636363636363635 0.6818181818181818 0.022727272727272728 0.022727272727272728
0.047619047619047616 0.23809523809523808 0.47619047619047616 0.19047619047619047 0.047619047619047616
0.1111111111111111 0.3148148148148148 0.48148148148148145 0.07407407407407407 0.018518518518518517
0.15789473684210525 0.15789473684210525 0.47368421052631576 0.15789473684210525 0.05263157894736842
0.07317073170731707 0.2682926829268293 0.6097560975609756 0.024390243902439025 0.024390243902439025
0.1 0.1 0.5 0.2 0.1
0.030303030303030304 0.30303030303030304 0.6060606060606061 0.030303030303030304 0.030303030303030304
0.16666666666666666 0.16666666666666666 0.3333333333333333 0.16666666666666666 0.16666666666666666
0.23076923076923078 0.07692307692307693 0.5384615384615384 0.07692307692307693 0.07692307692307693
0.07894736842105263 0.3684210526315789 0.4473684210526316 0.07894736842105263 0.02631578947368421
0.14285714285714285 0.1326530612244898 0.673469387755102 0.04081632653061224 0.01020408163265306
0.16666666666666666 0.16666666666666666 0.3333333333333333 0.16666666666666666 0.16666666666666666
0.05714285714285714 0.08571428571428572 0.7428571428571429 0.08571428571428572 0.02857142857142857
0.18181818181818182 0.2727272727272727 0.36363636363636365 0.09090909090909091 0.09090909090909091
0.25 0.125 0.375 0.125 0.125
0.1111111111111111 0.2222222222222222 0.1111111111111111 0.4444444444444444 0.1111111111111111
0.2222222222222222 0.1111111111111111 0.2222222222222222 0.3333333333333333 0.1111111111111111
0.14285714285714285 0.14285714285714285 0.42857142857142855 0.14285714285714285 0.14285714285714285
0.2222222222222222 0.1111111111111111 0.5 0.1111111111111111 0.05555555555555555
0.2608695652173913 0.13043478260869565 0.5217391304347826 0.043478260869565216 0.043478260869565216
0.25 0.1875 0.4375 0.0625 0.0625
0.25 0.1875 0.46875 0.0625 0.03125
0.1875 0.1875 0.3125 0.25 0.0625
0.07142857142857142 0.07142857142857142 0.7142857142857143 0.07142857142857142 0.07142857142857142
0.4418604651162791 0.13953488372093023 0.32558139534883723 0.06976744186046512 0.023255813953488372
