0.25925925925925924 0.48148148148148145 0.18518518518518517 0.037037037037037035 0.037037037037037035
0.08695652173913043 0.6086956521739131 0.21739130434782608 0.043478260869565216 0.043478260869565216
0.3333333333333333 0.4666666666666667 0.06666666666666667 0.06666666666666667 0.06666666666666667
0.14705882352941177 0.7058823529411765 0.029411764705882353 0.08823529411764706 0.029411764705882353
0.2222222222222222 0.6805555555555556 0.05555555555555555 0.027777777777777776 0.013888888888888888
0.07462686567164178 0.8059701492537313 0.05970149253731343 0.04477611940298507 0.014925373134328358
0.16666666666666666 0.3333333333333333 0.16666666666666666 0.16666666666666666 0.16666666666666666
0.36363636363636365 0.36363636363636365 0.09090909090909091 0.09090909090909091 0.09090909090909091
0.13068181818181818 0.7556818181818182 0.09090909090909091 0.017045454545454544 0.005681818181818182
0.09090909090909091 0.8545454545454545 0.01818181818181818 0.01818181818181818 0.01818181818181818
0.06666666666666667 0.6666666666666666 0.06666666666666667 0.13333333333333333 0.06666666666666667
0.2 0.5333333333333333 0.13333333333333333 0.06666666666666667 0.06666666666666667
0.125 0.5 0.125 0.125 0.125
0.25 0.25 0.25 0.125 0.125
0.25 0.375 0.125 0.125 0.125
0.19977298524404086 0.7639046538024972 0.028376844494892167 0.00681044267877412 0.0011350737797956867
0.3333333333333333 0.5151515151515151 0.09090909090909091 0.030303030303030304 0.030303030303030304
0.10714285714285714 0.7142857142857143 0.10714285714285714 0.03571428571428571 0.03571428571428571
0.17857142857142858 0.5357142857142857 0.21428571428571427 0.03571428571428571 0.03571428571428571
0.2222222222222222 0.4444444444444444 0.1111111111111111 0.1111111111111111 0.1111111111111111
0.15 0.65 0.1 0.05 0.05
0.25 0.5909090909090909 0.06818181818181818 0.06818181818181818 0.022727272727272728
0.07692307692307693 0.5384615384615384 0.23076923076923078 0.07692307692307693 0.07692307692307693
0.11764705882352941 0.5294117647058824 0.17647058823529413 0.11764705882352941 0.058823529411764705
0.12 0.6 0.2 0.04 0.04
0.16666666666666666 0.3333333333333333 0.16666666666666666 0.16666666666666666 0.16666666666666666
0.36363636363636365 0.18181818181818182 0.18181818181818182 0.18181818181818182 0.09090909090909091
0.125 0.6875 0.0625 0.0625 0.0625
0.18518518518518517 0.7037037037037037 0.037037037037037035 0.037037037037037035 0.037037037037037035
0.10526315789473684 0.631578947368421 0.15789473684210525 0.05263157894736842 0.05263157894736842
0.045454545454545456 0.7954545454545454 0.022727272727272728 0.11363636363636363 0.022727272727272728
0.16666666666666666 0.3333333333333333 0.16666666666666666 0.16666666666666666 0.16666666666666666
0.25 0.375 0.125 0.125 0.125
0.07407407407407407 0.48148148148148145 0.25925925925925924 0.14814814814814814 0.037037037037037035
0.16666666666666666 0.3333333333333333 0.16666666666666666 0.16666666666666666 0.16666666666666666
0.08 0.72 0.12 0.04 0.04
0.16666666666666666 0.3333333333333333 0.16666666666666666 0.16666666666666666 0.16666666666666666
0.1111111111111111 0.7407407407407407 0.07407407407407407 0.037037037037037035 0.037037037037037035
0.25925925925925924 0.48148148148148145 0.07407407407407407 0.1111111111111111 0.07407407407407407
0.28205128205128205 0.5897435897435898 0.07692307692307693 0.02564102564102564 0.02564102564102564
0.3 0.4 0.1 0.1 0.1
0.13071895424836602 0.6078431372549019 0.20915032679738563 0.0457516339869281 0.006535947712418301
0.21568627450980393 0.7058823529411765 0.0392156862745098 0.0196078431372549 0.0196078431372549
0.18181818181818182 0.5454545454545454 0.09090909090909091 0.09090909090909091 0.09090909090909091
0.2222222222222222 0.4666666666666667 0.17777777777777778 0.1111111111111111 0.022222222222222223
0.19607843137254902 0.6666666666666666 0.0784313725490196 0.0392156862745098 0.0196078431372549
0.1111111111111111 0.7777777777777778 0.037037037037037035 0.037037037037037035 0.037037037037037035
0.06818181818181818 0.7727272727272727 0.06818181818181818 0.06818181818181818 0.022727272727272728
0.3076923076923077 0.46153846153846156 0.07692307692307693 0.07692307692307693 0.07692307692307693
0.25 0.6 0.05 0.05 0.05
0.16666666666666666 0.3333333333333333 0.16666666666666666 0.16666666666666666 0.16666666666666666
0.18181818181818182 0.5454545454545454 0.09090909090909091 0.09090909090909091 0.09090909090909091
0.3333333333333333 0.16666666666666666 0.16666666666666666 0.16666666666666666 0.16666666666666666
0.23952095808383234 0.6946107784431138 0.04790419161676647 0.011976047904191617 0.005988023952095809
0.1956521739130435 0.6739130434782609 0.09782608695652174 0.021739130434782608 0.010869565217391304
0.043478260869565216 0.782608695652174 0.08695652173913043 0.043478260869565216 0.043478260869565216
0.14285714285714285 0.42857142857142855 0.14285714285714285 0.14285714285714285 0.14285714285714285
0.18421052631578946 0.631578947368421 0.07894736842105263 0.07894736842105263 0.02631578947368421
0.11538461538461539 0.5384615384615384 0.2692307692307692 0.038461538461538464 0.038461538461538464
0.7058823529411765 0.11764705882352941 0.058823529411764705 0.058823529411764705 0.058823529411764705
0.20930232558139536 0.6744186046511628 0.046511627906976744 0.046511627906976744 0.023255813953488372
0.14705882352941177 0.7058823529411765 0.08823529411764706 0.029411764705882353 0.029411764705882353
0.2222222222222222 0.2222222222222222 0.1111111111111111 0.3333333333333333 0.1111111111111111
0.125 0.5 0.125 0.125 0.125
0.14285714285714285 0.7142857142857143 0.08571428571428572 0.02857142857142857 0.02857142857142857
0.13636363636363635 0.5 0.2727272727272727 0.045454545454545456 0.045454545454545456
0.14285714285714285 0.42857142857142855 0.14285714285714285 0.14285714285714285 0.14285714285714285
0.2962962962962963 0.37037037037037035 0.25925925925925924 0.037037037037037035 0.037037037037037035
0.1 0.4 0.2 0.2 0.1
0.14285714285714285 0.42857142857142855 0.14285714285714285 0.14285714285714285 0.14285714285714285
0.2857142857142857 0.14285714285714285 0.2857142857142857 0.21428571428571427 0.07142857142857142
0.05405405405405406 0.8648648648648649 0.02702702702702703 0.02702702702702703 0.02702702702702703
0.21428571428571427 0.6904761904761905 0.023809523809523808 0.047619047619047616 0.023809523809523808
0.09142857142857143 0.7942857142857143 0.06857142857142857 0.04 0.005714285714285714
0.0726643598615917 0.8373702422145328 0.07612456747404844 0.010380622837370242 0.0034602076124567475
0.21621621621621623 0.5135135135135135 0.16216216216216217 0.08108108108108109 0.02702702702702703
0.10416666666666667 0.5833333333333334 0.2708333333333333 0.020833333333333332 0.020833333333333332
0.16666666666666666 0.5833333333333334 0.08333333333333333 0.08333333333333333 0.08333333333333333
0.05555555555555555 0.7777777777777778 0.05555555555555555 0.05555555555555555 0.05555555555555555
0.047619047619047616 0.8095238095238095 0.047619047619047616 0.047619047619047616 0.047619047619047616
0.14285714285714285 0.42857142857142855 0.14285714285714285 0.14285714285714285 0.14285714285714285
0.14285714285714285 0.42857142857142855 0.14285714285714285 0.14285714285714285 0.14285714285714285
0.14285714285714285 0.42857142857142855 0.14285714285714285 0.14285714285714285 0.14285714285714285
0.05263157894736842 0.7894736842105263 0.05263157894736842 0.05263157894736842 0.05263157894736842
0.3333333333333333 0.4444444444444444 0.05555555555555555 0.1111111111111111 0.05555555555555555
0.2 0.6333333333333333 0.1 0.03333333333333333 0.03333333333333333
0.14285714285714285 0.2857142857142857 0.14285714285714285 0.2857142857142857 0.14285714285714285
0.15841584158415842 0.7524752475247525 0.04950495049504951 0.019801980198019802 0.019801980198019802
0.3181818181818182 0.5454545454545454 0.045454545454545456 0.045454545454545456 0.045454545454545456
0.16666666666666666 0.6666666666666666 0.08333333333333333 0.041666666666666664 0.041666666666666664
0.125 0.5 0.125 0.125 0.125
0.125 0.5 0.125 0.125 0.125
0.2727272727272727 0.5 0.13636363636363635 0.045454545454545456 0.045454545454545456
0.08333333333333333 0.6666666666666666 0.08333333333333333 0.08333333333333333 0.08333333333333333
0.25 0.375 0.125 0.125 0.125
0.41025641025641024 0.41025641025641024 0.05128205128205128 0.10256410256410256 0.02564102564102564
0.16666666666666666 0.3333333333333333 0.16666666666666666 0.16666666666666666 0.16666666666666666
0.1111111111111111 0.7222222222222222 0.05555555555555555 0.05555555555555555 0.05555555555555555
0.14285714285714285 0.42857142857142855 0.14285714285714285 0.14285714285714285 0.14285714285714285
0.2 0.5 0.1 0.1 0.1
0.46153846153846156 0.23076923076923078 0.15384615384615385 0.07692307692307693 0.07692307692307693
0.07142857142857142 0.7142857142857143 0.07142857142857142 0.07142857142857142 0.07142857142857142
0.14285714285714285 0.5 0.14285714285714285 0.14285714285714285 0.07142857142857142
0.25925925925925924 0.5185185185185185 0.14814814814814814 0.037037037037037035 0.037037037037037035
0.13333333333333333 0.6666666666666666 0.06666666666666667 0.06666666666666667 0.06666666666666667
0.1896551724137931 0.6724137931034483 0.10344827586206896 0.017241379310344827 0.017241379310344827
0.4444444444444444 0.1111111111111111 0.2222222222222222 0.1111111111111111 0.1111111111111111
0.061511423550087874 0.8506151142355008 0.08084358523725835 0.005272407732864675 0.0017574692442882249
0.07692307692307693 0.6923076923076923 0.07692307692307693 0.07692307692307693 0.07692307692307693
0.14285714285714285 0.75 0.03571428571428571 0.03571428571428571 0.03571428571428571
0.058823529411764705 0.5294117647058824 0.11764705882352941 0.23529411764705882 0.058823529411764705
0.2 0.675 0.075 0.025 0.025
0.1111111111111111 0.3333333333333333 0.2222222222222222 0.2222222222222222 0.1111111111111111
0.075 0.85 0.025 0.025 0.025
0.35294117647058826 0.47058823529411764 0.058823529411764705 0.058823529411764705 0.058823529411764705
0.14285714285714285 0.42857142857142855 0.14285714285714285 0.14285714285714285 0.14285714285714285
0.16666666666666666 0.3333333333333333 0.25 0.16666666666666666 0.08333333333333333
0.06666666666666667 0.8 0.06666666666666667 0.03333333333333333 0.03333333333333333
0.08333333333333333 0.6666666666666666 0.08333333333333333 0.08333333333333333 0.08333333333333333
0.16666666666666666 0.3333333333333333 0.16666666666666666 0.16666666666666666 0.16666666666666666
0.07692307692307693 0.8205128205128205 0.05128205128205128 0.02564102564102564 0.02564102564102564
0.13333333333333333 0.6 0.13333333333333333 0.06666666666666667 0.06666666666666667
0.07142857142857142 0.7142857142857143 0.07142857142857142 0.07142857142857142 0.07142857142857142
0.35714285714285715 0.35714285714285715 0.07142857142857142 0.14285714285714285 0.07142857142857142
0.1724137931034483 0.632183908045977 0.11494252873563218 0.06896551724137931 0.011494252873563218
0.18604651162790697 0.6976744186046512 0.06976744186046512 0.023255813953488372 0.023255813953488372
0.4375 0.3125 0.125 0.0625 0.0625
0.2222222222222222 0.6111111111111112 0.05555555555555555 0.08333333333333333 0.027777777777777776
0.16666666666666666 0.16666666666666666 0.3333333333333333 0.16666666666666666 0.16666666666666666
0.16666666666666666 0.3333333333333333 0.16666666666666666 0.16666666666666666 0.16666666666666666
0.15 0.625 0.1375 0.075 0.0125
0.0625 0.6875 0.125 0.0625 0.0625
0.32653061224489793 0.5510204081632653 0.04081632653061224 0.061224489795918366 0.02040816326530612
0.4117647058823529 0.35294117647058826 0.11764705882352941 0.058823529411764705 0.058823529411764705
0.375 0.125 0.25 0.125 0.125
0.3 0.3 0.2 0.1 0.1
0.06 0.66 0.24 0.02 0.02
0.17142857142857143 0.6285714285714286 0.14285714285714285 0.02857142857142857 0.02857142857142857
0.25 0.5 0.08333333333333333 0.08333333333333333 0.08333333333333333
0.18421052631578946 0.5263157894736842 0.18421052631578946 0.07894736842105263 0.02631578947368421
0.06060606060606061 0.7878787878787878 0.09090909090909091 0.030303030303030304 0.030303030303030304
0.2222222222222222 0.3333333333333333 0.1111111111111111 0.2222222222222222 0.1111111111111111
0.09090909090909091 0.5454545454545454 0.18181818181818182 0.09090909090909091 0.09090909090909091
0.125 0.5 0.125 0.125 0.125
0.0425531914893617 0.8085106382978723 0.0851063829787234 0.0425531914893617 0.02127659574468085
0.14285714285714285 0.6857142857142857 0.08571428571428572 0.05714285714285714 0.02857142857142857
0.15384615384615385 0.38461538461538464 0.23076923076923078 0.15384615384615385 0.07692307692307693
0.15384615384615385 0.23076923076923078 0.38461538461538464 0.15384615384615385 0.07692307692307693
0.23076923076923078 0.5384615384615384 0.07692307692307693 0.07692307692307693 0.07692307692307693
0.14285714285714285 0.7142857142857143 0.08571428571428572 0.02857142857142857 0.02857142857142857
0.14285714285714285 0.2857142857142857 0.2857142857142857 0.14285714285714285 0.14285714285714285
0.1 0.7 0.1 0.05 0.05
0.05263157894736842 0.7368421052631579 0.05263157894736842 0.10526315789473684 0.05263157894736842
0.25 0.375 0.125 0.125 0.125
0.14285714285714285 0.42857142857142855 0.14285714285714285 0.14285714285714285 0.14285714285714285
0.10344827586206896 0.7586206896551724 0.034482758620689655 0.06896551724137931 0.034482758620689655
0.14285714285714285 0.42857142857142855 0.14285714285714285 0.14285714285714285 0.14285714285714285
0.15294117647058825 0.5647058823529412 0.24705882352941178 0.023529411764705882 0.011764705882352941
0.07142857142857142 0.7142857142857143 0.07142857142857142 0.07142857142857142 0.07142857142857142
0.14814814814814814 0.6666666666666666 0.037037037037037035 0.1111111111111111 0.037037037037037035
0.3333333333333333 0.3333333333333333 0.2 0.06666666666666667 0.06666666666666667
0.25 0.25 0.125 0.25 0.125
0.14814814814814814 0.6666666666666666 0.1111111111111111 0.037037037037037035 0.037037037037037035
0.22580645161290322 0.5806451612903226 0.12903225806451613 0.03225806451612903 0.03225806451612903
0.4375 0.3125 0.125 0.0625 0.0625
0.1951219512195122 0.6585365853658537 0.07317073170731707 0.04878048780487805 0.024390243902439025
0.3333333333333333 0.16666666666666666 0.16666666666666666 0.16666666666666666 0.16666666666666666
0.1 0.6 0.1 0.1 0.1
0.08247422680412371 0.6804123711340206 0.18556701030927836 0.041237113402061855 0.010309278350515464
0.015625 0.8828125 0.046875 0.046875 0.0078125
0.13793103448275862 0.6896551724137931 0.06896551724137931 0.06896551724137931 0.034482758620689655
0.1375 0.725 0.1125 0.0125 0.0125
0.17142857142857143 0.6571428571428571 0.11428571428571428 0.02857142857142857 0.02857142857142857
0.125 0.5 0.125 0.125 0.125
0.15384615384615385 0.6153846153846154 0.07692307692307693 0.07692307692307693 0.07692307692307693
0.14285714285714285 0.7142857142857143 0.047619047619047616 0.047619047619047616 0.047619047619047616
0.2857142857142857 0.14285714285714285 0.14285714285714285 0.2857142857142857 0.14285714285714285
0.3125 0.4375 0.125 0.0625 0.0625
0.23809523809523808 0.5714285714285714 0.09523809523809523 0.047619047619047616 0.047619047619047616
0.16666666666666666 0.7352941176470589 0.06862745098039216 0.0196078431372549 0.00980392156862745
0.2222222222222222 0.3333333333333333 0.2222222222222222 0.1111111111111111 0.1111111111111111
0.23655913978494625 0.5268817204301075 0.1827956989247312 0.043010752688172046 0.010752688172043012
0.07142857142857142 0.5 0.14285714285714285 0.21428571428571427 0.07142857142857142
0.06722689075630252 0.865546218487395 0.05042016806722689 0.008403361344537815 0.008403361344537815
0.14285714285714285 0.6428571428571429 0.07142857142857142 0.07142857142857142 0.07142857142857142
0.11428571428571428 0.5428571428571428 0.02857142857142857 0.2857142857142857 0.02857142857142857
0.21739130434782608 0.5652173913043478 0.08695652173913043 0.08695652173913043 0.043478260869565216
0.14285714285714285 0.7428571428571429 0.02857142857142857 0.05714285714285714 0.02857142857142857
0.125 0.5 0.25 0.0625 0.0625
0.21739130434782608 0.5652173913043478 0.043478260869565216 0.13043478260869565 0.043478260869565216
0.10975609756097561 0.8170731707317073 0.036585365853658534 0.024390243902439025 0.012195121951219513
0.23076923076923078 0.38461538461538464 0.23076923076923078 0.07692307692307693 0.07692307692307693
0.45454545454545453 0.2727272727272727 0.09090909090909091 0.09090909090909091 0.09090909090909091
0.125 0.25 0.125 0.375 0.125
0.06666666666666667 0.6666666666666666 0.13333333333333333 0.06666666666666667 0.06666666666666667
0.19672131147540983 0.6557377049180327 0.11475409836065574 0.01639344262295082 0.01639344262295082
0.0967741935483871 0.6612903225806451 0.20967741935483872 0.016129032258064516 0.016129032258064516
0.1111111111111111 0.4444444444444444 0.2222222222222222 0.1111111111111111 0.1111111111111111
0.05555555555555555 0.7777777777777778 0.05555555555555555 0.05555555555555555 0.05555555555555555
0.043478260869565216 0.7391304347826086 0.13043478260869565 0.043478260869565216 0.043478260869565216
0.06557377049180328 0.8032786885245902 0.04918032786885246 0.06557377049180328 0.01639344262295082
0.07692307692307693 0.6153846153846154 0.07692307692307693 0.15384615384615385 0.07692307692307693
0.06896551724137931 0.8275862068965517 0.034482758620689655 0.034482758620689655 0.034482758620689655
0.23529411764705882 0.5294117647058824 0.058823529411764705 0.11764705882352941 0.058823529411764705
0.25 0.6071428571428571 0.03571428571428571 0.07142857142857142 0.03571428571428571
0.2857142857142857 0.2857142857142857 0.14285714285714285 0.14285714285714285 0.14285714285714285
0.13333333333333333 0.5333333333333333 0.2 0.06666666666666667 0.06666666666666667
0.23529411764705882 0.5294117647058824 0.058823529411764705 0.11764705882352941 0.058823529411764705
0.16666666666666666 0.3333333333333333 0.16666666666666666 0.16666666666666666 0.16666666666666666
0.08333333333333333 0.6666666666666666 0.08333333333333333 0.08333333333333333 0.08333333333333333
0.09090909090909091 0.6363636363636364 0.09090909090909091 0.09090909090909091 0.09090909090909091
0.045454545454545456 0.9242424242424242 0.015151515151515152 0.007575757575757576 0.007575757575757576
0.35 0.45 0.1 0.05 0.05
0.05263157894736842 0.7894736842105263 0.05263157894736842 0.05263157894736842 0.05263157894736842
0.12727272727272726 0.8181818181818182 0.01818181818181818 0.01818181818181818 0.01818181818181818
0.125 0.5 0.125 0.125 0.125
0.125 0.5 0.125 0.125 0.125
0.14285714285714285 0.14285714285714285 0.2857142857142857 0.2857142857142857 0.14285714285714285
0.2222222222222222 0.5555555555555556 0.1111111111111111 0.05555555555555555 0.05555555555555555
0.2391304347826087 0.5652173913043478 0.10869565217391304 0.06521739130434782 0.021739130434782608
0.2857142857142857 0.2857142857142857 0.14285714285714285 0.21428571428571427 0.07142857142857142
0.09090909090909091 0.7727272727272727 0.045454545454545456 0.045454545454545456 0.045454545454545456
0.3793103448275862 0.5517241379310345 0.034482758620689655 0.017241379310344827 0.017241379310344827
0.07142857142857142 0.8452380952380952 0.05952380952380952 0.011904761904761904 0.011904761904761904
0.6153846153846154 0.15384615384615385 0.07692307692307693 0.07692307692307693 0.07692307692307693
0.09090909090909091 0.7727272727272727 0.045454545454545456 0.045454545454545456 0.045454545454545456
0.18181818181818182 0.5454545454545454 0.09090909090909091 0.09090909090909091 0.09090909090909091
0.2459016393442623 0.6885245901639344 0.03278688524590164 0.01639344262295082 0.01639344262295082
0.4444444444444444 0.2222222222222222 0.2222222222222222 0.05555555555555555 0.05555555555555555
0.16666666666666666 0.3333333333333333 0.16666666666666666 0.16666666666666666 0.16666666666666666
0.09497206703910614 0.8603351955307262 0.0223463687150838 0.01675977653631285 0.00558659217877095
0.22727272727272727 0.6363636363636364 0.10606060606060606 0.015151515151515152 0.015151515151515152
0.06578947368421052 0.8157894736842105 0.07894736842105263 0.02631578947368421 0.013157894736842105
0.21428571428571427 0.6666666666666666 0.047619047619047616 0.047619047619047616 0.023809523809523808
0.4 0.4 0.06666666666666667 0.06666666666666667 0.06666666666666667
0.17647058823529413 0.5882352941176471 0.058823529411764705 0.11764705882352941 0.058823529411764705
0.24050632911392406 0.5822784810126582 0.11392405063291139 0.05063291139240506 0.012658227848101266
0.041666666666666664 0.75 0.125 0.041666666666666664 0.041666666666666664
0.125 0.5 0.125 0.125 0.125
0.1935483870967742 0.6774193548387096 0.06451612903225806 0.03225806451612903 0.03225806451612903
0.15789473684210525 0.631578947368421 0.05263157894736842 0.10526315789473684 0.05263157894736842
0.1267605633802817 0.6901408450704225 0.1267605633802817 0.04225352112676056 0.014084507042253521
0.10526315789473684 0.7368421052631579 0.05263157894736842 0.05263157894736842 0.05263157894736842
0.1951219512195122 0.6585365853658537 0.0975609756097561 0.024390243902439025 0.024390243902439025
0.07692307692307693 0.6923076923076923 0.07692307692307693 0.07692307692307693 0.07692307692307693
0.0967741935483871 0.6451612903225806 0.12903225806451613 0.0967741935483871 0.03225806451612903
0.15217391304347827 0.6086956521739131 0.06521739130434782 0.15217391304347827 0.021739130434782608
0.24242424242424243 0.5151515151515151 0.18181818181818182 0.030303030303030304 0.030303030303030304
0.056179775280898875 0.9101123595505618 0.011235955056179775 0.011235955056179775 0.011235955056179775
0.16666666666666666 0.5555555555555556 0.1111111111111111 0.1111111111111111 0.05555555555555555
0.14285714285714285 0.2857142857142857 0.14285714285714285 0.2857142857142857 0.14285714285714285
0.2727272727272727 0.45454545454545453 0.09090909090909091 0.13636363636363635 0.045454545454545456
0.05102040816326531 0.8775510204081632 0.030612244897959183 0.030612244897959183 0.01020408163265306
0.09090909090909091 0.6363636363636364 0.09090909090909091 0.09090909090909091 0.09090909090909091
0.043478260869565216 0.7391304347826086 0.17391304347826086 0.021739130434782608 0.021739130434782608
0.32038834951456313 0.5631067961165048 0.05825242718446602 0.038834951456310676 0.019417475728155338
0.1111111111111111 0.5555555555555556 0.1111111111111111 0.1111111111111111 0.1111111111111111
0.14634146341463414 0.7073170731707317 0.0975609756097561 0.024390243902439025 0.024390243902439025
0.14285714285714285 0.42857142857142855 0.14285714285714285 0.14285714285714285 0.14285714285714285
0.3057324840764331 0.5923566878980892 0.050955414012738856 0.044585987261146494 0.006369426751592357
0.17391304347826086 0.6521739130434783 0.08695652173913043 0.043478260869565216 0.043478260869565216
0.20833333333333334 0.5833333333333334 0.08333333333333333 0.08333333333333333 0.041666666666666664
0.057971014492753624 0.7971014492753623 0.11594202898550725 0.014492753623188406 0.014492753623188406
0.25 0.5 0.08333333333333333 0.08333333333333333 0.08333333333333333
0.25 0.375 0.125 0.125 0.125
0.1282051282051282 0.7435897435897436 0.07692307692307693 0.02564102564102564 0.02564102564102564
0.1111111111111111 0.5555555555555556 0.1111111111111111 0.1111111111111111 0.1111111111111111
0.125 0.5 0.125 0.125 0.125
0.16666666666666666 0.3333333333333333 0.16666666666666666 0.16666666666666666 0.16666666666666666
0.08823529411764706 0.7647058823529411 0.058823529411764705 0.058823529411764705 0.029411764705882353
0.14285714285714285 0.2857142857142857 0.2857142857142857 0.14285714285714285 0.14285714285714285
0.07142857142857142 0.7142857142857143 0.07142857142857142 0.07142857142857142 0.07142857142857142
0.25 0.25 0.25 0.125 0.125
0.125 0.7083333333333334 0.08333333333333333 0.041666666666666664 0.041666666666666664
0.2903225806451613 0.41935483870967744 0.16129032258064516 0.0967741935483871 0.03225806451612903
0.25 0.125 0.375 0.125 0.125
0.26666666666666666 0.6666666666666666 0.022222222222222223 0.022222222222222223 0.022222222222222223
0.16666666666666666 0.5 0.16666666666666666 0.08333333333333333 0.08333333333333333
0.2857142857142857 0.14285714285714285 0.2857142857142857 0.14285714285714285 0.14285714285714285
0.07692307692307693 0.6923076923076923 0.07692307692307693 0.07692307692307693 0.07692307692307693
0.2857142857142857 0.2857142857142857 0.14285714285714285 0.14285714285714285 0.14285714285714285
0.14705882352941177 0.7058823529411765 0.08823529411764706 0.029411764705882353 0.029411764705882353
0.20754716981132076 0.660377358490566 0.07547169811320754 0.03773584905660377 0.018867924528301886
0.2222222222222222 0.3333333333333333 0.2222222222222222 0.1111111111111111 0.1111111111111111
0.18181818181818182 0.45454545454545453 0.18181818181818182 0.09090909090909091 0.09090909090909091
0.3 0.4 0.1 0.1 0.1
0.0975609756097561 0.7195121951219512 0.03048780487804878 0.13414634146341464 0.018292682926829267
0.045454545454545456 0.8939393939393939 0.030303030303030304 0.015151515151515152 0.015151515151515152
0.05263157894736842 0.7894736842105263 0.05263157894736842 0.05263157894736842 0.05263157894736842
0.3333333333333333 0.3333333333333333 0.1111111111111111 0.1111111111111111 0.1111111111111111
0.05555555555555555 0.5555555555555556 0.2777777777777778 0.05555555555555555 0.05555555555555555
0.2 0.5 0.1 0.1 0.1
0.09090909090909091 0.7272727272727273 0.09090909090909091 0.045454545454545456 0.045454545454545456
0.03333333333333333 0.7333333333333333 0.1 0.1 0.03333333333333333
0.2222222222222222 0.3333333333333333 0.2222222222222222 0.1111111111111111 0.1111111111111111
0.2777777777777778 0.3333333333333333 0.2777777777777778 0.05555555555555555 0.05555555555555555
0.06280193236714976 0.9130434782608695 0.014492753623188406 0.004830917874396135 0.004830917874396135
0.05844155844155844 0.7922077922077922 0.12337662337662338 0.01948051948051948 0.006493506493506494
0.16666666666666666 0.3333333333333333 0.16666666666666666 0.16666666666666666 0.16666666666666666
0.2647058823529412 0.5588235294117647 0.058823529411764705 0.08823529411764706 0.029411764705882353
0.125 0.5 0.125 0.125 0.125
0.375 0.25 0.125 0.125 0.125
0.3333333333333333 0.4166666666666667 0.08333333333333333 0.08333333333333333 0.08333333333333333
0.11764705882352941 0.7058823529411765 0.058823529411764705 0.058823529411764705 0.058823529411764705
0.38235294117647056 0.4117647058823529 0.11764705882352941 0.029411764705882353 0.058823529411764705
0.3142857142857143 0.6142857142857143 0.04285714285714286 0.014285714285714285 0.014285714285714285
0.08333333333333333 0.5833333333333334 0.16666666666666666 0.08333333333333333 0.08333333333333333
0.2 0.5 0.1 0.1 0.1
0.22727272727272727 0.6363636363636364 0.045454545454545456 0.045454545454545456 0.045454545454545456
0.08333333333333333 0.6666666666666666 0.08333333333333333 0.08333333333333333 0.08333333333333333
0.125 0.4375 0.3125 0.0625 0.0625
0.125 0.5 0.125 0.125 0.125
0.2318840579710145 0.6231884057971014 0.08695652173913043 0.043478260869565216 0.014492753623188406
0.1111111111111111 0.5555555555555556 0.1111111111111111 0.1111111111111111 0.1111111111111111
0.1 0.6 0.1 0.1 0.1
0.19811320754716982 0.7641509433962265 0.018867924528301886 0.009433962264150943 0.009433962264150943
0.3333333333333333 0.3333333333333333 0.1111111111111111 0.1111111111111111 0.1111111111111111
0.1 0.6 0.1 0.1 0.1
0.0625 0.625 0.24107142857142858 0.0625 0.008928571428571428
0.06666666666666667 0.7333333333333333 0.06666666666666667 0.06666666666666667 0.06666666666666667
0.0684931506849315 0.7397260273972602 0.1643835616438356 0.0136986301369863 0.0136986301369863
0.13513513513513514 0.7702702702702703 0.05405405405405406 0.02702702702702703 0.013513513513513514
0.15217391304347827 0.7391304347826086 0.043478260869565216 0.043478260869565216 0.021739130434782608
0.07692307692307693 0.6923076923076923 0.07692307692307693 0.07692307692307693 0.07692307692307693
0.14285714285714285 0.42857142857142855 0.14285714285714285 0.14285714285714285 0.14285714285714285
0.125 0.375 0.25 0.125 0.125
0.25 0.5 0.15 0.05 0.05
0.06666666666666667 0.8740740740740741 0.044444444444444446 0.007407407407407408 0.007407407407407408
0.1 0.6 0.1 0.1 0.1
0.13793103448275862 0.7586206896551724 0.034482758620689655 0.034482758620689655 0.034482758620689655
0.13333333333333333 0.6666666666666666 0.06666666666666667 0.06666666666666667 0.06666666666666667
0.14285714285714285 0.42857142857142855 0.14285714285714285 0.14285714285714285 0.14285714285714285
0.42857142857142855 0.2857142857142857 0.07142857142857142 0.14285714285714285 0.07142857142857142
0.15789473684210525 0.6842105263157895 0.05263157894736842 0.05263157894736842 0.05263157894736842
0.0625 0.6875 0.0625 0.125 0.0625
0.16666666666666666 0.3333333333333333 0.16666666666666666 0.16666666666666666 0.16666666666666666
0.1276595744680851 0.6170212765957447 0.1702127659574468 0.06382978723404255 0.02127659574468085
0.14285714285714285 0.42857142857142855 0.14285714285714285 0.14285714285714285 0.14285714285714285
0.125 0.5 0.125 0.125 0.125
0.17355371900826447 0.6942148760330579 0.10743801652892562 0.01652892561983471 0.008264462809917356
0.2222222222222222 0.4444444444444444 0.1111111111111111 0.1111111111111111 0.1111111111111111
0.142692750287687 0.5477560414269275 0.286536248561565 0.02186421173762946 0.0011507479861910242
0.25 0.25 0.25 0.125 0.125
0.14285714285714285 0.42857142857142855 0.14285714285714285 0.14285714285714285 0.14285714285714285
0.09090909090909091 0.6818181818181818 0.09090909090909091 0.09090909090909091 0.045454545454545456
0.16666666666666666 0.16666666666666666 0.3333333333333333 0.16666666666666666 0.16666666666666666
0.16666666666666666 0.5 0.2222222222222222 0.05555555555555555 0.05555555555555555
0.1875 0.5625 0.125 0.0625 0.0625
0.14285714285714285 0.42857142857142855 0.14285714285714285 0.14285714285714285 0.14285714285714285
0.05056179775280899 0.9044943820224719 0.033707865168539325 0.0056179775280898875 0.0056179775280898875
0.1 0.5 0.2 0.1 0.1
0.25 0.375 0.125 0.125 0.125
0.25 0.375 0.125 0.125 0.125
0.13333333333333333 0.6 0.13333333333333333 0.06666666666666667 0.06666666666666667
0.025 0.85 0.075 0.025 0.025
0.09375 0.71875 0.0625 0.0625 0.0625
0.05343511450381679 0.916030534351145 0.015267175572519083 0.007633587786259542 0.007633587786259542
0.13333333333333333 0.6666666666666666 0.06666666666666667 0.06666666666666667 0.06666666666666667
0.1717171717171717 0.7070707070707071 0.030303030303030304 0.08080808080808081 0.010101010101010102
0.1111111111111111 0.5555555555555556 0.1111111111111111 0.1111111111111111 0.1111111111111111
0.36363636363636365 0.45454545454545453 0.045454545454545456 0.09090909090909091 0.045454545454545456
0.08333333333333333 0.5 0.16666666666666666 0.16666666666666666 0.08333333333333333
0.17142857142857143 0.7428571428571429 0.02857142857142857 0.02857142857142857 0.02857142857142857
0.08823529411764706 0.8235294117647058 0.029411764705882353 0.029411764705882353 0.029411764705882353
0.1509433962264151 0.6981132075471698 0.11320754716981132 0.018867924528301886 0.018867924528301886
0.05 0.8 0.05 0.05 0.05
0.041666666666666664 0.7916666666666666 0.08333333333333333 0.041666666666666664 0.041666666666666664
0.21052631578947367 0.5789473684210527 0.05263157894736842 0.10526315789473684 0.05263157894736842
0.53125 0.375 0.03125 0.03125 0.03125
0.25 0.6 0.05 0.05 0.05
0.3 0.6 0.03333333333333333 0.03333333333333333 0.03333333333333333
0.16666666666666666 0.3333333333333333 0.16666666666666666 0.16666666666666666 0.16666666666666666
0.3333333333333333 0.16666666666666666 0.16666666666666666 0.16666666666666666 0.16666666666666666
0.030303030303030304 0.8484848484848485 0.06060606060606061 0.030303030303030304 0.030303030303030304
0.14893617021276595 0.6595744680851063 0.1276595744680851 0.0425531914893617 0.02127659574468085
0.14285714285714285 0.7142857142857143 0.047619047619047616 0.047619047619047616 0.047619047619047616
0.08602150537634409 0.7956989247311828 0.07526881720430108 0.03763440860215054 0.005376344086021506
0.13163972286374134 0.7644341801385681 0.07852193995381063 0.023094688221709007 0.0023094688221709007
0.3333333333333333 0.16666666666666666 0.16666666666666666 0.16666666666666666 0.16666666666666666
0.07142857142857142 0.7142857142857143 0.07142857142857142 0.07142857142857142 0.07142857142857142
0.04838709677419355 0.8548387096774194 0.04838709677419355 0.03225806451612903 0.016129032258064516
0.125 0.5 0.125 0.125 0.125
0.358974358974359 0.48717948717948717 0.07692307692307693 0.05128205128205128 0.02564102564102564
0.3076923076923077 0.38461538461538464 0.15384615384615385 0.07692307692307693 0.07692307692307693
0.05714285714285714 0.8285714285714286 0.05714285714285714 0.02857142857142857 0.02857142857142857
0.1375 0.8125 0.025 0.0125 0.0125
0.07894736842105263 0.8157894736842105 0.06578947368421052 0.02631578947368421 0.013157894736842105
0.3142857142857143 0.42857142857142855 0.2 0.02857142857142857 0.02857142857142857
0.06666666666666667 0.7333333333333333 0.06666666666666667 0.06666666666666667 0.06666666666666667
0.10270270270270271 0.8324324324324325 0.04864864864864865 0.010810810810810811 0.005405405405405406
0.14285714285714285 0.42857142857142855 0.14285714285714285 0.14285714285714285 0.14285714285714285
0.0625 0.75 0.0625 0.0625 0.0625
0.08695652173913043 0.782608695652174 0.043478260869565216 0.043478260869565216 0.043478260869565216
0.1095890410958904 0.7808219178082192 0.0821917808219178 0.0136986301369863 0.0136986301369863
0.16666666666666666 0.3333333333333333 0.16666666666666666 0.16666666666666666 0.16666666666666666
0.1267605633802817 0.6126760563380281 0.2323943661971831 0.02112676056338028 0.007042253521126761
0.2857142857142857 0.2857142857142857 0.14285714285714285 0.14285714285714285 0.14285714285714285
0.2222222222222222 0.4444444444444444 0.1111111111111111 0.1111111111111111 0.1111111111111111
0.0967741935483871 0.7096774193548387 0.16129032258064516 0.016129032258064516 0.016129032258064516
0.3333333333333333 0.3333333333333333 0.1111111111111111 0.1111111111111111 0.1111111111111111
0.1111111111111111 0.75 0.08333333333333333 0.027777777777777776 0.027777777777777776
0.11764705882352941 0.6470588235294118 0.11764705882352941 0.058823529411764705 0.058823529411764705
0.15789473684210525 0.631578947368421 0.05263157894736842 0.10526315789473684 0.05263157894736842
0.125 0.6666666666666666 0.125 0.041666666666666664 0.041666666666666664
0.16666666666666666 0.3333333333333333 0.16666666666666666 0.16666666666666666 0.16666666666666666
0.1 0.6 0.1 0.1 0.1
0.07407407407407407 0.8518518518518519 0.037037037037037035 0.018518518518518517 0.018518518518518517
0.15384615384615385 0.7435897435897436 0.02564102564102564 0.05128205128205128 0.02564102564102564
0.10526315789473684 0.6842105263157895 0.05263157894736842 0.10526315789473684 0.05263157894736842
0.2222222222222222 0.3333333333333333 0.2222222222222222 0.1111111111111111 0.1111111111111111
0.2857142857142857 0.5 0.07142857142857142 0.07142857142857142 0.07142857142857142
0.10588235294117647 0.6470588235294118 0.19411764705882353 0.047058823529411764 0.0058823529411764705
0.125 0.6875 0.0625 0.0625 0.0625
0.16666666666666666 0.6666666666666666 0.05555555555555555 0.05555555555555555 0.05555555555555555
0.10588235294117647 0.7588235294117647 0.1 0.029411764705882353 0.0058823529411764705
0.2777777777777778 0.5555555555555556 0.1111111111111111 0.037037037037037035 0.018518518518518517
0.1 0.75 0.05 0.05 0.05
0.26 0.68 0.02 0.02 0.02
0.05128205128205128 0.7435897435897436 0.02564102564102564 0.15384615384615385 0.02564102564102564
0.19047619047619047 0.5238095238095238 0.14285714285714285 0.09523809523809523 0.047619047619047616
0.47368421052631576 0.3684210526315789 0.05263157894736842 0.05263157894736842 0.05263157894736842
0.2857142857142857 0.2857142857142857 0.14285714285714285 0.14285714285714285 0.14285714285714285
0.26666666666666666 0.4 0.06666666666666667 0.2 0.06666666666666667
0.09090909090909091 0.5454545454545454 0.09090909090909091 0.18181818181818182 0.09090909090909091
0.1111111111111111 0.5555555555555556 0.1111111111111111 0.1111111111111111 0.1111111111111111
0.18840579710144928 0.7318840579710145 0.050724637681159424 0.021739130434782608 0.007246376811594203
0.26153846153846155 0.49230769230769234 0.13846153846153847 0.09230769230769231 0.015384615384615385
0.21311475409836064 0.7213114754098361 0.03278688524590164 0.01639344262295082 0.01639344262295082
0.08620689655172414 0.7931034482758621 0.06896551724137931 0.034482758620689655 0.017241379310344827
0.043478260869565216 0.8260869565217391 0.043478260869565216 0.043478260869565216 0.043478260869565216
0.21875 0.6875 0.03125 0.03125 0.03125
0.07692307692307693 0.6923076923076923 0.07692307692307693 0.07692307692307693 0.07692307692307693
0.21052631578947367 0.631578947368421 0.05263157894736842 0.05263157894736842 0.05263157894736842
0.11538461538461539 0.6923076923076923 0.11538461538461539 0.038461538461538464 0.038461538461538464
0.1 0.6 0.1 0.1 0.1
0.21428571428571427 0.5 0.14285714285714285 0.07142857142857142 0.07142857142857142
0.14285714285714285 0.42857142857142855 0.14285714285714285 0.14285714285714285 0.14285714285714285
0.07692307692307693 0.6923076923076923 0.07692307692307693 0.07692307692307693 0.07692307692307693
0.14285714285714285 0.6428571428571429 0.07142857142857142 0.07142857142857142 0.07142857142857142
0.3709677419354839 0.4596774193548387 0.06451612903225806 0.0967741935483871 0.008064516129032258
0.25892857142857145 0.5892857142857143 0.08928571428571429 0.05357142857142857 0.008928571428571428
0.17777777777777778 0.6 0.17777777777777778 0.022222222222222223 0.022222222222222223
0.2517985611510791 0.6762589928057554 0.05995203836930456 0.009592326139088728 0.002398081534772182
0.08333333333333333 0.6666666666666666 0.08333333333333333 0.08333333333333333 0.08333333333333333
0.25 0.375 0.125 0.125 0.125
0.2857142857142857 0.2857142857142857 0.14285714285714285 0.14285714285714285 0.14285714285714285
0.24087591240875914 0.6423357664233577 0.08759124087591241 0.021897810218978103 0.0072992700729927005
0.125 0.6875 0.0625 0.0625 0.0625
0.08333333333333333 0.6666666666666666 0.08333333333333333 0.08333333333333333 0.08333333333333333
0.16666666666666666 0.5 0.16666666666666666 0.1111111111111111 0.05555555555555555
0.12195121951219512 0.8048780487804879 0.024390243902439025 0.024390243902439025 0.024390243902439025
0.06666666666666667 0.6666666666666666 0.13333333333333333 0.06666666666666667 0.06666666666666667
0.3333333333333333 0.16666666666666666 0.16666666666666666 0.16666666666666666 0.16666666666666666
0.09090909090909091 0.6363636363636364 0.09090909090909091 0.09090909090909091 0.09090909090909091
0.14285714285714285 0.6571428571428571 0.14285714285714285 0.02857142857142857 0.02857142857142857
0.06896551724137931 0.8275862068965517 0.034482758620689655 0.034482758620689655 0.034482758620689655
0.08333333333333333 0.6666666666666666 0.08333333333333333 0.08333333333333333 0.08333333333333333
0.3333333333333333 0.5 0.05555555555555555 0.05555555555555555 0.05555555555555555
0.11403508771929824 0.7105263157894737 0.14035087719298245 0.02631578947368421 0.008771929824561403
0.14285714285714285 0.42857142857142855 0.14285714285714285 0.14285714285714285 0.14285714285714285
0.21714285714285714 0.5714285714285714 0.16 0.045714285714285714 0.005714285714285714
0.14285714285714285 0.42857142857142855 0.14285714285714285 0.14285714285714285 0.14285714285714285
0.2857142857142857 0.2857142857142857 0.14285714285714285 0.14285714285714285 0.14285714285714285
0.2 0.5 0.1 0.1 0.1
0.07407407407407407 0.8148148148148148 0.037037037037037035 0.05555555555555555 0.018518518518518517
0.1111111111111111 0.4444444444444444 0.2222222222222222 0.1111111111111111 0.1111111111111111
0.3333333333333333 0.16666666666666666 0.16666666666666666 0.16666666666666666 0.16666666666666666
