0.08333333333333333 0.75 0.041666666666666664 0.08333333333333333 0.041666666666666664
0.3333333333333333 0.4666666666666667 0.06666666666666667 0.06666666666666667 0.06666666666666667
0.16666666666666666 0.3333333333333333 0.16666666666666666 0.16666666666666666 0.16666666666666666
0.058823529411764705 0.8823529411764706 0.0196078431372549 0.0196078431372549 0.0196078431372549
0.125 0.5 0.125 0.125 0.125
0.17531718569780855 0.7866205305651672 0.029988465974625143 0.006920415224913495 0.0011534025374855825
0.10344827586206896 0.7241379310344828 0.10344827586206896 0.034482758620689655 0.034482758620689655
0.18518518518518517 0.5555555555555556 0.18518518518518517 0.037037037037037035 0.037037037037037035
0.2222222222222222 0.3333333333333333 0.1111111111111111 0.2222222222222222 0.1111111111111111
0.13636363636363635 0.6818181818181818 0.09090909090909091 0.045454545454545456 0.045454545454545456
0.2222222222222222 0.6 0.1111111111111111 0.044444444444444446 0.022222222222222223
0.07692307692307693 0.5384615384615384 0.23076923076923078 0.07692307692307693 0.07692307692307693
0.1875 0.5 0.1875 0.0625 0.0625
0.16666666666666666 0.3333333333333333 0.16666666666666666 0.16666666666666666 0.16666666666666666
0.125 0.6875 0.0625 0.0625 0.0625
0.18518518518518517 0.7037037037037037 0.037037037037037035 0.037037037037037035 0.037037037037037035
0.1111111111111111 0.6111111111111112 0.16666666666666666 0.05555555555555555 0.05555555555555555
0.05128205128205128 0.8461538461538461 0.02564102564102564 0.05128205128205128 0.02564102564102564
0.07142857142857142 0.5 0.25 0.10714285714285714 0.07142857142857142
0.07692307692307693 0.7307692307692307 0.11538461538461539 0.038461538461538464 0.038461538461538464
0.2962962962962963 0.4444444444444444 0.07407407407407407 0.1111111111111111 0.07407407407407407
0.28205128205128205 0.6153846153846154 0.05128205128205128 0.02564102564102564 0.02564102564102564
0.3 0.4 0.1 0.1 0.1
0.14743589743589744 0.6089743589743589 0.1987179487179487 0.038461538461538464 0.00641025641025641
0.22641509433962265 0.7169811320754716 0.018867924528301886 0.018867924528301886 0.018867924528301886
0.18181818181818182 0.5454545454545454 0.09090909090909091 0.09090909090909091 0.09090909090909091
0.2558139534883721 0.5116279069767442 0.11627906976744186 0.09302325581395349 0.023255813953488372
0.18 0.68 0.08 0.04 0.02
0.038461538461538464 0.8461538461538461 0.038461538461538464 0.038461538461538464 0.038461538461538464
0.06818181818181818 0.7954545454545454 0.045454545454545456 0.06818181818181818 0.022727272727272728
0.23076923076923078 0.5384615384615384 0.07692307692307693 0.07692307692307693 0.07692307692307693
0.16666666666666666 0.3333333333333333 0.16666666666666666 0.16666666666666666 0.16666666666666666
0.3333333333333333 0.16666666666666666 0.16666666666666666 0.16666666666666666 0.16666666666666666
0.1875 0.6875 0.09375 0.020833333333333332 0.010416666666666666
0.041666666666666664 0.7083333333333334 0.125 0.041666666666666664 0.08333333333333333
0.16666666666666666 0.6944444444444444 0.05555555555555555 0.05555555555555555 0.027777777777777776
0.07692307692307693 0.6153846153846154 0.23076923076923078 0.038461538461538464 0.038461538461538464
0.6470588235294118 0.17647058823529413 0.058823529411764705 0.058823529411764705 0.058823529411764705
0.16279069767441862 0.7209302325581395 0.06976744186046512 0.023255813953488372 0.023255813953488372
0.2222222222222222 0.2222222222222222 0.1111111111111111 0.3333333333333333 0.1111111111111111
0.125 0.5 0.125 0.125 0.125
0.14705882352941177 0.7058823529411765 0.08823529411764706 0.029411764705882353 0.029411764705882353
0.2962962962962963 0.37037037037037035 0.25925925925925924 0.037037037037037035 0.037037037037037035
0.1111111111111111 0.4444444444444444 0.2222222222222222 0.1111111111111111 0.1111111111111111
0.14285714285714285 0.42857142857142855 0.14285714285714285 0.14285714285714285 0.14285714285714285
0.26666666666666666 0.26666666666666666 0.2 0.2 0.06666666666666667
0.05405405405405406 0.8648648648648649 0.02702702702702703 0.02702702702702703 0.02702702702702703
0.2608695652173913 0.6304347826086957 0.043478260869565216 0.043478260869565216 0.021739130434782608
0.08695652173913043 0.7989130434782609 0.06521739130434782 0.043478260869565216 0.005434782608695652
0.08041958041958042 0.8426573426573427 0.05944055944055944 0.013986013986013986 0.0034965034965034965
0.23684210526315788 0.5263157894736842 0.13157894736842105 0.07894736842105263 0.02631578947368421
0.09803921568627451 0.49019607843137253 0.37254901960784315 0.0196078431372549 0.0196078431372549
0.1111111111111111 0.7222222222222222 0.05555555555555555 0.05555555555555555 0.05555555555555555
0.045454545454545456 0.8181818181818182 0.045454545454545456 0.045454545454545456 0.045454545454545456
0.14285714285714285 0.42857142857142855 0.14285714285714285 0.14285714285714285 0.14285714285714285
0.05263157894736842 0.7894736842105263 0.05263157894736842 0.05263157894736842 0.05263157894736842
0.2777777777777778 0.5 0.05555555555555555 0.1111111111111111 0.05555555555555555
0.1724137931034483 0.6551724137931034 0.10344827586206896 0.034482758620689655 0.034482758620689655
0.14285714285714285 0.2857142857142857 0.14285714285714285 0.2857142857142857 0.14285714285714285
0.15841584158415842 0.7722772277227723 0.04950495049504951 0.009900990099009901 0.009900990099009901
0.24 0.64 0.04 0.04 0.04
0.125 0.5 0.125 0.125 0.125
0.09090909090909091 0.6363636363636364 0.09090909090909091 0.09090909090909091 0.09090909090909091
0.39473684210526316 0.47368421052631576 0.02631578947368421 0.07894736842105263 0.02631578947368421
0.14285714285714285 0.2857142857142857 0.14285714285714285 0.2857142857142857 0.14285714285714285
0.1111111111111111 0.7222222222222222 0.05555555555555555 0.05555555555555555 0.05555555555555555
0.14285714285714285 0.42857142857142855 0.14285714285714285 0.14285714285714285 0.14285714285714285
0.09090909090909091 0.6363636363636364 0.09090909090909091 0.09090909090909091 0.09090909090909091
0.38461538461538464 0.23076923076923078 0.15384615384615385 0.07692307692307693 0.15384615384615385
0.08333333333333333 0.5833333333333334 0.08333333333333333 0.16666666666666666 0.08333333333333333
0.25925925925925924 0.48148148148148145 0.18518518518518517 0.037037037037037035 0.037037037037037035
0.13333333333333333 0.6666666666666666 0.06666666666666667 0.06666666666666667 0.06666666666666667
0.4444444444444444 0.1111111111111111 0.2222222222222222 0.1111111111111111 0.1111111111111111
0.057692307692307696 0.8496503496503497 0.08391608391608392 0.006993006993006993 0.0017482517482517483
0.07692307692307693 0.6923076923076923 0.07692307692307693 0.07692307692307693 0.07692307692307693
0.14285714285714285 0.75 0.03571428571428571 0.03571428571428571 0.03571428571428571
0.21052631578947367 0.6578947368421053 0.07894736842105263 0.02631578947368421 0.02631578947368421
0.07317073170731707 0.8536585365853658 0.024390243902439025 0.024390243902439025 0.024390243902439025
0.14285714285714285 0.42857142857142855 0.14285714285714285 0.14285714285714285 0.14285714285714285
0.07692307692307693 0.6153846153846154 0.15384615384615385 0.07692307692307693 0.07692307692307693
0.16666666666666666 0.3333333333333333 0.16666666666666666 0.16666666666666666 0.16666666666666666
0.05 0.875 0.025 0.025 0.025
0.14285714285714285 0.5714285714285714 0.14285714285714285 0.07142857142857142 0.07142857142857142
0.38461538461538464 0.38461538461538464 0.07692307692307693 0.07692307692307693 0.07692307692307693
0.18181818181818182 0.6818181818181818 0.09090909090909091 0.022727272727272728 0.022727272727272728
0.4117647058823529 0.29411764705882354 0.17647058823529413 0.058823529411764705 0.058823529411764705
0.2222222222222222 0.6111111111111112 0.05555555555555555 0.08333333333333333 0.027777777777777776
0.16666666666666666 0.3333333333333333 0.16666666666666666 0.16666666666666666 0.16666666666666666
0.16216216216216217 0.6081081081081081 0.16216216216216217 0.05405405405405406 0.013513513513513514
0.35294117647058826 0.4117647058823529 0.11764705882352941 0.058823529411764705 0.058823529411764705
0.2857142857142857 0.14285714285714285 0.2857142857142857 0.14285714285714285 0.14285714285714285
0.3 0.3 0.2 0.1 0.1
0.21052631578947367 0.5526315789473685 0.18421052631578946 0.02631578947368421 0.02631578947368421
0.23076923076923078 0.46153846153846156 0.15384615384615385 0.07692307692307693 0.07692307692307693
0.21052631578947367 0.5 0.18421052631578946 0.07894736842105263 0.02631578947368421
0.25 0.25 0.125 0.25 0.125
0.08333333333333333 0.5833333333333334 0.16666666666666666 0.08333333333333333 0.08333333333333333
0.125 0.5 0.125 0.125 0.125
0.041666666666666664 0.7916666666666666 0.10416666666666667 0.041666666666666664 0.020833333333333332
0.14705882352941177 0.6470588235294118 0.11764705882352941 0.058823529411764705 0.029411764705882353
0.16666666666666666 0.4166666666666667 0.16666666666666666 0.16666666666666666 0.08333333333333333
0.18181818181818182 0.2727272727272727 0.36363636363636365 0.09090909090909091 0.09090909090909091
0.23076923076923078 0.5384615384615384 0.07692307692307693 0.07692307692307693 0.07692307692307693
0.1388888888888889 0.6666666666666666 0.1111111111111111 0.05555555555555555 0.027777777777777776
0.14285714285714285 0.2857142857142857 0.2857142857142857 0.14285714285714285 0.14285714285714285
0.09523809523809523 0.7142857142857143 0.09523809523809523 0.047619047619047616 0.047619047619047616
0.16666666666666666 0.3333333333333333 0.16666666666666666 0.16666666666666666 0.16666666666666666
0.07692307692307693 0.8076923076923077 0.038461538461538464 0.038461538461538464 0.038461538461538464
0.19736842105263158 0.631578947368421 0.14473684210526316 0.013157894736842105 0.013157894736842105
0.07142857142857142 0.7142857142857143 0.07142857142857142 0.07142857142857142 0.07142857142857142
0.08 0.76 0.04 0.08 0.04
0.26666666666666666 0.4 0.2 0.06666666666666667 0.06666666666666667
0.14285714285714285 0.2857142857142857 0.14285714285714285 0.2857142857142857 0.14285714285714285
0.16 0.64 0.12 0.04 0.04
0.25 0.5714285714285714 0.10714285714285714 0.03571428571428571 0.03571428571428571
0.4375 0.3125 0.125 0.0625 0.0625
0.19047619047619047 0.6428571428571429 0.11904761904761904 0.023809523809523808 0.023809523809523808
0.1111111111111111 0.5555555555555556 0.1111111111111111 0.1111111111111111 0.1111111111111111
0.07692307692307693 0.7142857142857143 0.18681318681318682 0.01098901098901099 0.01098901098901099
0.015873015873015872 0.9047619047619048 0.023809523809523808 0.047619047619047616 0.007936507936507936
0.18518518518518517 0.7037037037037037 0.037037037037037035 0.037037037037037035 0.037037037037037035
0.11392405063291139 0.7341772151898734 0.12658227848101267 0.012658227848101266 0.012658227848101266
0.18181818181818182 0.696969696969697 0.06060606060606061 0.030303030303030304 0.030303030303030304
0.125 0.5 0.125 0.125 0.125
0.15384615384615385 0.6153846153846154 0.07692307692307693 0.07692307692307693 0.07692307692307693
0.14285714285714285 0.7142857142857143 0.047619047619047616 0.047619047619047616 0.047619047619047616
0.2857142857142857 0.14285714285714285 0.14285714285714285 0.2857142857142857 0.14285714285714285
0.3125 0.4375 0.125 0.0625 0.0625
0.21052631578947367 0.631578947368421 0.05263157894736842 0.05263157894736842 0.05263157894736842
0.14 0.78 0.05 0.02 0.01
0.24719101123595505 0.5280898876404494 0.1797752808988764 0.033707865168539325 0.011235955056179775
0.07142857142857142 0.5 0.14285714285714285 0.21428571428571427 0.07142857142857142
0.08823529411764706 0.5882352941176471 0.058823529411764705 0.23529411764705882 0.029411764705882353
0.20833333333333334 0.5833333333333334 0.08333333333333333 0.08333333333333333 0.041666666666666664
0.14285714285714285 0.7428571428571429 0.02857142857142857 0.05714285714285714 0.02857142857142857
0.13333333333333333 0.5333333333333333 0.2 0.06666666666666667 0.06666666666666667
0.10975609756097561 0.8048780487804879 0.04878048780487805 0.024390243902439025 0.012195121951219513
0.23076923076923078 0.38461538461538464 0.23076923076923078 0.07692307692307693 0.07692307692307693
0.45454545454545453 0.2727272727272727 0.09090909090909091 0.09090909090909091 0.09090909090909091
0.06666666666666667 0.7333333333333333 0.06666666666666667 0.06666666666666667 0.06666666666666667
0.19047619047619047 0.6666666666666666 0.1111111111111111 0.015873015873015872 0.015873015873015872
0.11666666666666667 0.6833333333333333 0.16666666666666666 0.016666666666666666 0.016666666666666666
0.1111111111111111 0.4444444444444444 0.2222222222222222 0.1111111111111111 0.1111111111111111
0.04 0.76 0.08 0.08 0.04
0.08064516129032258 0.8225806451612904 0.03225806451612903 0.04838709677419355 0.016129032258064516
0.14285714285714285 0.5714285714285714 0.07142857142857142 0.14285714285714285 0.07142857142857142
0.06896551724137931 0.8275862068965517 0.034482758620689655 0.034482758620689655 0.034482758620689655
0.26666666666666666 0.4666666666666667 0.06666666666666667 0.13333333333333333 0.06666666666666667
0.16129032258064516 0.6451612903225806 0.0967741935483871 0.06451612903225806 0.03225806451612903
0.2857142857142857 0.2857142857142857 0.14285714285714285 0.14285714285714285 0.14285714285714285
0.2 0.4 0.2 0.1 0.1
0.2 0.6 0.06666666666666667 0.06666666666666667 0.06666666666666667
0.16666666666666666 0.3333333333333333 0.16666666666666666 0.16666666666666666 0.16666666666666666
0.08333333333333333 0.6666666666666666 0.08333333333333333 0.08333333333333333 0.08333333333333333
0.1 0.6 0.1 0.1 0.1
0.3 0.45 0.15 0.05 0.05
0.05 0.8 0.05 0.05 0.05
0.10909090909090909 0.8363636363636363 0.01818181818181818 0.01818181818181818 0.01818181818181818
0.125 0.5 0.125 0.125 0.125
0.16666666666666666 0.16666666666666666 0.3333333333333333 0.16666666666666666 0.16666666666666666
0.17647058823529413 0.6470588235294118 0.058823529411764705 0.058823529411764705 0.058823529411764705
0.2857142857142857 0.2857142857142857 0.14285714285714285 0.21428571428571427 0.07142857142857142
0.08695652173913043 0.782608695652174 0.043478260869565216 0.043478260869565216 0.043478260869565216
0.33962264150943394 0.5849056603773585 0.018867924528301886 0.03773584905660377 0.018867924528301886
0.25 0.6785714285714286 0.03571428571428571 0.017857142857142856 0.017857142857142856
0.10614525139664804 0.8547486033519553 0.0223463687150838 0.0111731843575419 0.00558659217877095
0.21666666666666667 0.6833333333333333 0.06666666666666667 0.016666666666666666 0.016666666666666666
0.06578947368421052 0.8157894736842105 0.06578947368421052 0.02631578947368421 0.02631578947368421
0.21428571428571427 0.6666666666666666 0.047619047619047616 0.047619047619047616 0.023809523809523808
0.35294117647058826 0.47058823529411764 0.058823529411764705 0.058823529411764705 0.058823529411764705
0.2222222222222222 0.5555555555555556 0.05555555555555555 0.1111111111111111 0.05555555555555555
0.041666666666666664 0.75 0.125 0.041666666666666664 0.041666666666666664
0.125 0.5 0.125 0.125 0.125
0.11594202898550725 0.7246376811594203 0.11594202898550725 0.028985507246376812 0.014492753623188406
0.10526315789473684 0.7368421052631579 0.05263157894736842 0.05263157894736842 0.05263157894736842
0.07692307692307693 0.6923076923076923 0.07692307692307693 0.07692307692307693 0.07692307692307693
0.07407407407407407 0.7037037037037037 0.1111111111111111 0.07407407407407407 0.037037037037037035
0.21875 0.65625 0.0625 0.03125 0.03125
0.05434782608695652 0.9130434782608695 0.010869565217391304 0.010869565217391304 0.010869565217391304
0.10526315789473684 0.631578947368421 0.10526315789473684 0.10526315789473684 0.05263157894736842
0.14285714285714285 0.2857142857142857 0.14285714285714285 0.2857142857142857 0.14285714285714285
0.03 0.91 0.03 0.02 0.01
0.09090909090909091 0.6363636363636364 0.09090909090909091 0.09090909090909091 0.09090909090909091
0.021739130434782608 0.782608695652174 0.15217391304347827 0.021739130434782608 0.021739130434782608
0.28 0.61 0.07 0.02 0.02
0.14285714285714285 0.42857142857142855 0.14285714285714285 0.14285714285714285 0.14285714285714285
0.2848101265822785 0.6265822784810127 0.04430379746835443 0.0379746835443038 0.006329113924050633
0.16 0.68 0.08 0.04 0.04
0.21739130434782608 0.5652173913043478 0.08695652173913043 0.08695652173913043 0.043478260869565216
0.057971014492753624 0.7536231884057971 0.15942028985507245 0.014492753623188406 0.014492753623188406
0.25 0.5 0.08333333333333333 0.08333333333333333 0.08333333333333333
0.2222222222222222 0.4444444444444444 0.1111111111111111 0.1111111111111111 0.1111111111111111
0.1111111111111111 0.5555555555555556 0.1111111111111111 0.1111111111111111 0.1111111111111111
0.16666666666666666 0.3333333333333333 0.16666666666666666 0.16666666666666666 0.16666666666666666
0.07692307692307693 0.6923076923076923 0.07692307692307693 0.07692307692307693 0.07692307692307693
0.2222222222222222 0.2222222222222222 0.3333333333333333 0.1111111111111111 0.1111111111111111
0.16666666666666666 0.6666666666666666 0.08333333333333333 0.041666666666666664 0.041666666666666664
0.22580645161290322 0.5161290322580645 0.16129032258064516 0.06451612903225806 0.03225806451612903
0.2978723404255319 0.6382978723404256 0.02127659574468085 0.02127659574468085 0.02127659574468085
0.16666666666666666 0.5833333333333334 0.08333333333333333 0.08333333333333333 0.08333333333333333
0.2857142857142857 0.14285714285714285 0.2857142857142857 0.14285714285714285 0.14285714285714285
0.2857142857142857 0.2857142857142857 0.14285714285714285 0.14285714285714285 0.14285714285714285
0.21153846153846154 0.6538461538461539 0.07692307692307693 0.038461538461538464 0.019230769230769232
0.2222222222222222 0.3333333333333333 0.2222222222222222 0.1111111111111111 0.1111111111111111
0.3 0.3 0.2 0.1 0.1
0.1 0.75 0.04375 0.1 0.00625
0.046875 0.90625 0.015625 0.015625 0.015625
0.05263157894736842 0.7894736842105263 0.05263157894736842 0.05263157894736842 0.05263157894736842
0.2857142857142857 0.2857142857142857 0.14285714285714285 0.14285714285714285 0.14285714285714285
0.0625 0.625 0.1875 0.0625 0.0625
0.2 0.5 0.1 0.1 0.1
0.08695652173913043 0.6956521739130435 0.08695652173913043 0.043478260869565216 0.08695652173913043
0.034482758620689655 0.7931034482758621 0.06896551724137931 0.06896551724137931 0.034482758620689655
0.2222222222222222 0.3333333333333333 0.2222222222222222 0.1111111111111111 0.1111111111111111
0.07432432432432433 0.8040540540540541 0.0945945945945946 0.02027027027027027 0.006756756756756757
0.16666666666666666 0.3333333333333333 0.16666666666666666 0.16666666666666666 0.16666666666666666
0.22580645161290322 0.5806451612903226 0.06451612903225806 0.0967741935483871 0.03225806451612903
0.125 0.5 0.125 0.125 0.125
0.16666666666666666 0.3333333333333333 0.16666666666666666 0.16666666666666666 0.16666666666666666
0.3333333333333333 0.4166666666666667 0.08333333333333333 0.08333333333333333 0.08333333333333333
0.2647058823529412 0.5294117647058824 0.11764705882352941 0.029411764705882353 0.058823529411764705
0.09090909090909091 0.6363636363636364 0.09090909090909091 0.09090909090909091 0.09090909090909091
0.21739130434782608 0.6521739130434783 0.043478260869565216 0.043478260869565216 0.043478260869565216
0.08333333333333333 0.6666666666666666 0.08333333333333333 0.08333333333333333 0.08333333333333333
0.125 0.5 0.125 0.125 0.125
0.22535211267605634 0.6197183098591549 0.08450704225352113 0.056338028169014086 0.014084507042253521
0.1111111111111111 0.5555555555555556 0.1111111111111111 0.1111111111111111 0.1111111111111111
0.1 0.6 0.1 0.1 0.1
0.16822429906542055 0.8037383177570093 0.009345794392523364 0.009345794392523364 0.009345794392523364
0.3333333333333333 0.3333333333333333 0.1111111111111111 0.1111111111111111 0.1111111111111111
0.1 0.6 0.1 0.1 0.1
0.06666666666666667 0.7333333333333333 0.06666666666666667 0.06666666666666667 0.06666666666666667
0.13043478260869565 0.782608695652174 0.043478260869565216 0.021739130434782608 0.021739130434782608
0.07692307692307693 0.6923076923076923 0.07692307692307693 0.07692307692307693 0.07692307692307693
0.14285714285714285 0.42857142857142855 0.14285714285714285 0.14285714285714285 0.14285714285714285
0.1111111111111111 0.4444444444444444 0.2222222222222222 0.1111111111111111 0.1111111111111111
0.23809523809523808 0.47619047619047616 0.19047619047619047 0.047619047619047616 0.047619047619047616
0.06569343065693431 0.8759124087591241 0.043795620437956206 0.0072992700729927005 0.0072992700729927005
0.13333333333333333 0.6666666666666666 0.06666666666666667 0.06666666666666667 0.06666666666666667
0.42857142857142855 0.2857142857142857 0.07142857142857142 0.14285714285714285 0.07142857142857142
0.15789473684210525 0.6842105263157895 0.05263157894736842 0.05263157894736842 0.05263157894736842
0.16666666666666666 0.3333333333333333 0.16666666666666666 0.16666666666666666 0.16666666666666666
0.14285714285714285 0.42857142857142855 0.14285714285714285 0.14285714285714285 0.14285714285714285
0.14285714285714285 0.42857142857142855 0.14285714285714285 0.14285714285714285 0.14285714285714285
0.1487603305785124 0.7272727272727273 0.09917355371900827 0.01652892561983471 0.008264462809917356
0.1 0.6 0.1 0.1 0.1
0.13846153846153847 0.5964497041420118 0.24378698224852072 0.020118343195266272 0.001183431952662722
0.25 0.25 0.25 0.125 0.125
0.14285714285714285 0.42857142857142855 0.14285714285714285 0.14285714285714285 0.14285714285714285
0.05 0.75 0.1 0.05 0.05
0.16666666666666666 0.16666666666666666 0.3333333333333333 0.16666666666666666 0.16666666666666666
0.13636363636363635 0.6363636363636364 0.13636363636363635 0.045454545454545456 0.045454545454545456
0.14285714285714285 0.42857142857142855 0.14285714285714285 0.14285714285714285 0.14285714285714285
0.062146892655367235 0.9096045197740112 0.01694915254237288 0.005649717514124294 0.005649717514124294
0.25 0.375 0.125 0.125 0.125
0.025 0.9 0.025 0.025 0.025
0.0967741935483871 0.7741935483870968 0.06451612903225806 0.03225806451612903 0.03225806451612903
0.05263157894736842 0.9097744360902256 0.015037593984962405 0.015037593984962405 0.007518796992481203
0.14705882352941177 0.7450980392156863 0.0392156862745098 0.058823529411764705 0.00980392156862745
0.1111111111111111 0.5555555555555556 0.1111111111111111 0.1111111111111111 0.1111111111111111
0.35 0.45 0.1 0.05 0.05
0.09090909090909091 0.5454545454545454 0.09090909090909091 0.18181818181818182 0.09090909090909091
0.06451612903225806 0.8387096774193549 0.03225806451612903 0.03225806451612903 0.03225806451612903
0.14285714285714285 0.6964285714285714 0.125 0.017857142857142856 0.017857142857142856
0.05 0.8 0.05 0.05 0.05
0.045454545454545456 0.7727272727272727 0.09090909090909091 0.045454545454545456 0.045454545454545456
0.17647058823529413 0.6470588235294118 0.058823529411764705 0.058823529411764705 0.058823529411764705
0.3448275862068966 0.5517241379310345 0.034482758620689655 0.034482758620689655 0.034482758620689655
0.25 0.65625 0.03125 0.03125 0.03125
0.16666666666666666 0.3333333333333333 0.16666666666666666 0.16666666666666666 0.16666666666666666
0.059782608695652176 0.7934782608695652 0.10326086956521739 0.03804347826086957 0.005434782608695652
0.3333333333333333 0.16666666666666666 0.16666666666666666 0.16666666666666666 0.16666666666666666
0.07142857142857142 0.7142857142857143 0.07142857142857142 0.07142857142857142 0.07142857142857142
0.06557377049180328 0.8524590163934426 0.03278688524590164 0.03278688524590164 0.01639344262295082
0.125 0.5 0.125 0.125 0.125
0.35135135135135137 0.5135135135135135 0.05405405405405406 0.05405405405405406 0.02702702702702703
0.3333333333333333 0.3333333333333333 0.16666666666666666 0.08333333333333333 0.08333333333333333
0.05714285714285714 0.8285714285714286 0.05714285714285714 0.02857142857142857 0.02857142857142857
0.10666666666666667 0.7866666666666666 0.06666666666666667 0.02666666666666667 0.013333333333333334
0.22857142857142856 0.5428571428571428 0.17142857142857143 0.02857142857142857 0.02857142857142857
0.07142857142857142 0.7142857142857143 0.07142857142857142 0.07142857142857142 0.07142857142857142
0.05555555555555555 0.7777777777777778 0.05555555555555555 0.05555555555555555 0.05555555555555555
0.08333333333333333 0.75 0.08333333333333333 0.041666666666666664 0.041666666666666664
0.11267605633802817 0.8028169014084507 0.056338028169014086 0.014084507042253521 0.014084507042253521
0.16666666666666666 0.3333333333333333 0.16666666666666666 0.16666666666666666 0.16666666666666666
0.10869565217391304 0.6956521739130435 0.16666666666666666 0.021739130434782608 0.007246376811594203
0.08196721311475409 0.7540983606557377 0.13114754098360656 0.01639344262295082 0.01639344262295082
0.3333333333333333 0.3333333333333333 0.1111111111111111 0.1111111111111111 0.1111111111111111
0.1111111111111111 0.6111111111111112 0.16666666666666666 0.05555555555555555 0.05555555555555555
0.16666666666666666 0.625 0.125 0.041666666666666664 0.041666666666666664
0.0784313725490196 0.8431372549019608 0.0392156862745098 0.0196078431372549 0.0196078431372549
0.1282051282051282 0.7692307692307693 0.02564102564102564 0.05128205128205128 0.02564102564102564
0.2222222222222222 0.3333333333333333 0.2222222222222222 0.1111111111111111 0.1111111111111111
0.2857142857142857 0.5 0.07142857142857142 0.07142857142857142 0.07142857142857142
0.0963855421686747 0.6506024096385542 0.21084337349397592 0.03614457831325301 0.006024096385542169
0.125 0.6875 0.0625 0.0625 0.0625
0.11515151515151516 0.7696969696969697 0.09696969696969697 0.012121212121212121 0.006060606060606061
0.1 0.75 0.05 0.05 0.05
0.21568627450980393 0.7254901960784313 0.0196078431372549 0.0196078431372549 0.0196078431372549
0.05128205128205128 0.7692307692307693 0.02564102564102564 0.1282051282051282 0.02564102564102564
0.2 0.55 0.1 0.1 0.05
0.2857142857142857 0.2857142857142857 0.14285714285714285 0.14285714285714285 0.14285714285714285
0.21428571428571427 0.5 0.07142857142857142 0.14285714285714285 0.07142857142857142
0.1111111111111111 0.5555555555555556 0.1111111111111111 0.1111111111111111 0.1111111111111111
0.2903225806451613 0.5161290322580645 0.12903225806451613 0.04838709677419355 0.016129032258064516
0.1774193548387097 0.7419354838709677 0.03225806451612903 0.03225806451612903 0.016129032258064516
0.22857142857142856 0.6857142857142857 0.02857142857142857 0.02857142857142857 0.02857142857142857
0.08 0.72 0.12 0.04 0.04
0.09090909090909091 0.6363636363636364 0.09090909090909091 0.09090909090909091 0.09090909090909091
0.14285714285714285 0.5714285714285714 0.14285714285714285 0.07142857142857142 0.07142857142857142
0.14285714285714285 0.42857142857142855 0.14285714285714285 0.14285714285714285 0.14285714285714285
0.07692307692307693 0.6923076923076923 0.07692307692307693 0.07692307692307693 0.07692307692307693
0.2 0.6 0.06666666666666667 0.06666666666666667 0.06666666666666667
0.3333333333333333 0.4796747967479675 0.08130081300813008 0.0975609756097561 0.008130081300813009
0.25 0.6160714285714286 0.08035714285714286 0.044642857142857144 0.008928571428571428
0.22673031026252982 0.7040572792362768 0.059665871121718374 0.007159904534606206 0.002386634844868735
0.08333333333333333 0.6666666666666666 0.08333333333333333 0.08333333333333333 0.08333333333333333
0.2246376811594203 0.6739130434782609 0.07971014492753623 0.014492753623188406 0.007246376811594203
0.125 0.6875 0.0625 0.0625 0.0625
0.075 0.85 0.025 0.025 0.025
0.06666666666666667 0.6666666666666666 0.13333333333333333 0.06666666666666667 0.06666666666666667
0.09090909090909091 0.696969696969697 0.15151515151515152 0.030303030303030304 0.030303030303030304
0.10344827586206896 0.7931034482758621 0.034482758620689655 0.034482758620689655 0.034482758620689655
0.16666666666666666 0.5833333333333334 0.08333333333333333 0.08333333333333333 0.08333333333333333
0.3684210526315789 0.47368421052631576 0.05263157894736842 0.05263157894736842 0.05263157894736842
0.1 0.7818181818181819 0.09090909090909091 0.01818181818181818 0.00909090909090909
0.14285714285714285 0.42857142857142855 0.14285714285714285 0.14285714285714285 0.14285714285714285
0.14285714285714285 0.42857142857142855 0.14285714285714285 0.14285714285714285 0.14285714285714285
0.2 0.5 0.1 0.1 0.1
0.07407407407407407 0.7962962962962963 0.05555555555555555 0.05555555555555555 0.018518518518518517
0.1111111111111111 0.4444444444444444 0.2222222222222222 0.1111111111111111 0.1111111111111111
0.09090909090909091 0.6363636363636364 0.09090909090909091 0.09090909090909091 0.09090909090909091
0.3 0.4 0.15 0.1 0.05
0.11764705882352941 0.6470588235294118 0.11764705882352941 0.058823529411764705 0.058823529411764705
0.17647058823529413 0.5882352941176471 0.11764705882352941 0.058823529411764705 0.058823529411764705
0.18604651162790697 0.7209302325581395 0.046511627906976744 0.023255813953488372 0.023255813953488372
0.1111111111111111 0.7222222222222222 0.05555555555555555 0.05555555555555555 0.05555555555555555
0.21428571428571427 0.5714285714285714 0.07142857142857142 0.07142857142857142 0.07142857142857142
0.1 0.7666666666666667 0.06666666666666667 0.03333333333333333 0.03333333333333333
0.09090909090909091 0.6363636363636364 0.09090909090909091 0.09090909090909091 0.09090909090909091
0.18518518518518517 0.6481481481481481 0.12962962962962962 0.018518518518518517 0.018518518518518517
0.05405405405405406 0.8378378378378378 0.08108108108108109 0.013513513513513514 0.013513513513513514
0.1 0.5 0.2 0.1 0.1
0.07650273224043716 0.8306010928961749 0.060109289617486336 0.0273224043715847 0.00546448087431694
0.16216216216216217 0.7297297297297297 0.05405405405405406 0.02702702702702703 0.02702702702702703
0.16666666666666666 0.3333333333333333 0.16666666666666666 0.16666666666666666 0.16666666666666666
0.3157894736842105 0.42105263157894735 0.10526315789473684 0.10526315789473684 0.05263157894736842
0.25 0.375 0.125 0.125 0.125
0.16666666666666666 0.3333333333333333 0.16666666666666666 0.16666666666666666 0.16666666666666666
0.15384615384615385 0.6923076923076923 0.038461538461538464 0.07692307692307693 0.038461538461538464
0.23170731707317074 0.6951219512195121 0.04878048780487805 0.012195121951219513 0.012195121951219513
0.3 0.4 0.1 0.1 0.1
0.14285714285714285 0.2857142857142857 0.14285714285714285 0.2857142857142857 0.14285714285714285
0.20418848167539266 0.5654450261780105 0.19895287958115182 0.02617801047120419 0.005235602094240838
0.2 0.5 0.1 0.1 0.1
0.1875 0.625 0.0625 0.0625 0.0625
0.15 0.65 0.1 0.05 0.05
0.04 0.72 0.12 0.08 0.04
0.1 0.6 0.1 0.1 0.1
0.16666666666666666 0.3333333333333333 0.16666666666666666 0.16666666666666666 0.16666666666666666
0.1 0.6 0.1 0.1 0.1
0.07692307692307693 0.6923076923076923 0.07692307692307693 0.07692307692307693 0.07692307692307693
0.07692307692307693 0.6923076923076923 0.07692307692307693 0.07692307692307693 0.07692307692307693
0.2 0.52 0.2 0.04 0.04
0.14285714285714285 0.42857142857142855 0.14285714285714285 0.14285714285714285 0.14285714285714285
0.1590909090909091 0.6136363636363636 0.09090909090909091 0.125 0.011363636363636364
0.08695652173913043 0.6956521739130435 0.13043478260869565 0.043478260869565216 0.043478260869565216
0.07142857142857142 0.7142857142857143 0.07142857142857142 0.07142857142857142 0.07142857142857142
0.3333333333333333 0.16666666666666666 0.16666666666666666 0.16666666666666666 0.16666666666666666
0.07142857142857142 0.7142857142857143 0.07142857142857142 0.07142857142857142 0.07142857142857142
0.125 0.5 0.125 0.125 0.125
0.05 0.8333333333333334 0.08333333333333333 0.016666666666666666 0.016666666666666666
0.3 0.5 0.1 0.05 0.05
0.1111111111111111 0.2222222222222222 0.1111111111111111 0.4444444444444444 0.1111111111111111
0.08 0.82 0.04 0.04 0.02
0.14285714285714285 0.42857142857142855 0.14285714285714285 0.14285714285714285 0.14285714285714285
0.3333333333333333 0.3333333333333333 0.1111111111111111 0.1111111111111111 0.1111111111111111
0.14285714285714285 0.42857142857142855 0.14285714285714285 0.14285714285714285 0.14285714285714285
0.125 0.7 0.125 0.025 0.025
0.14285714285714285 0.42857142857142855 0.14285714285714285 0.14285714285714285 0.14285714285714285
0.4090909090909091 0.4318181818181818 0.11363636363636363 0.022727272727272728 0.022727272727272728
0.017543859649122806 0.8947368421052632 0.05263157894736842 0.017543859649122806 0.017543859649122806
0.058823529411764705 0.7647058823529411 0.058823529411764705 0.058823529411764705 0.058823529411764705
0.22413793103448276 0.6896551724137931 0.034482758620689655 0.034482758620689655 0.017241379310344827
0.09923664122137404 0.816793893129771 0.05343511450381679 0.022900763358778626 0.007633587786259542
0.05172413793103448 0.8620689655172413 0.05172413793103448 0.017241379310344827 0.017241379310344827
0.42857142857142855 0.42857142857142855 0.047619047619047616 0.047619047619047616 0.047619047619047616
0.125 0.5 0.125 0.125 0.125
0.14285714285714285 0.7142857142857143 0.03571428571428571 0.07142857142857142 0.03571428571428571
0.16666666666666666 0.3333333333333333 0.16666666666666666 0.16666666666666666 0.16666666666666666
0.2222222222222222 0.4444444444444444 0.1111111111111111 0.1111111111111111 0.1111111111111111
0.22289156626506024 0.6566265060240963 0.08433734939759036 0.030120481927710843 0.006024096385542169
0.36666666666666664 0.5 0.06666666666666667 0.03333333333333333 0.03333333333333333
0.041666666666666664 0.8472222222222222 0.08333333333333333 0.013888888888888888 0.013888888888888888
0.3076923076923077 0.38461538461538464 0.15384615384615385 0.07692307692307693 0.07692307692307693
0.03225806451612903 0.8064516129032258 0.0967741935483871 0.03225806451612903 0.03225806451612903
0.2549019607843137 0.6862745098039216 0.0196078431372549 0.0196078431372549 0.0196078431372549
0.16666666666666666 0.3333333333333333 0.16666666666666666 0.16666666666666666 0.16666666666666666
0.15384615384615385 0.7692307692307693 0.02564102564102564 0.02564102564102564 0.02564102564102564
0.15789473684210525 0.42105263157894735 0.15789473684210525 0.21052631578947367 0.05263157894736842
0.14814814814814814 0.6296296296296297 0.14814814814814814 0.037037037037037035 0.037037037037037035
0.2222222222222222 0.3333333333333333 0.2222222222222222 0.1111111111111111 0.1111111111111111
0.16666666666666666 0.16666666666666666 0.3333333333333333 0.16666666666666666 0.16666666666666666
0.125 0.825 0.03333333333333333 0.008333333333333333 0.008333333333333333
0.1 0.6 0.1 0.1 0.1
0.08333333333333333 0.5833333333333334 0.16666666666666666 0.08333333333333333 0.08333333333333333
0.42857142857142855 0.14285714285714285 0.14285714285714285 0.14285714285714285 0.14285714285714285
0.1 0.6 0.1 0.1 0.1
0.16666666666666666 0.3333333333333333 0.16666666666666666 0.16666666666666666 0.16666666666666666
0.125 0.625 0.125 0.0625 0.0625
0.38461538461538464 0.15384615384615385 0.15384615384615385 0.23076923076923078 0.07692307692307693
0.41818181818181815 0.32727272727272727 0.21818181818181817 0.01818181818181818 0.01818181818181818
0.14285714285714285 0.6428571428571429 0.07142857142857142 0.07142857142857142 0.07142857142857142
0.16666666666666666 0.3333333333333333 0.16666666666666666 0.16666666666666666 0.16666666666666666
0.2608695652173913 0.6739130434782609 0.021739130434782608 0.021739130434782608 0.021739130434782608
0.3 0.55 0.05 0.05 0.05
0.3333333333333333 0.16666666666666666 0.16666666666666666 0.16666666666666666 0.16666666666666666
0.2247191011235955 0.6741573033707865 0.06741573033707865 0.02247191011235955 0.011235955056179775
0.06666666666666667 0.6666666666666666 0.13333333333333333 0.06666666666666667 0.06666666666666667
0.07692307692307693 0.46153846153846156 0.23076923076923078 0.15384615384615385 0.07692307692307693
0.047619047619047616 0.7142857142857143 0.14285714285714285 0.047619047619047616 0.047619047619047616
0.029154518950437316 0.9548104956268222 0.007288629737609329 0.007288629737609329 0.0014577259475218659
0.11764705882352941 0.6470588235294118 0.11764705882352941 0.058823529411764705 0.058823529411764705
0.2608695652173913 0.5652173913043478 0.043478260869565216 0.08695652173913043 0.043478260869565216
0.14285714285714285 0.7142857142857143 0.047619047619047616 0.047619047619047616 0.047619047619047616
0.1282051282051282 0.6923076923076923 0.1282051282051282 0.02564102564102564 0.02564102564102564
0.20512820512820512 0.717948717948718 0.02564102564102564 0.02564102564102564 0.02564102564102564
0.3333333333333333 0.16666666666666666 0.16666666666666666 0.16666666666666666 0.16666666666666666
0.2857142857142857 0.5142857142857142 0.14285714285714285 0.02857142857142857 0.02857142857142857
0.09090909090909091 0.5454545454545454 0.09090909090909091 0.09090909090909091 0.18181818181818182
0.125 0.5 0.125 0.125 0.125
0.125 0.375 0.125 0.25 0.125
0.32142857142857145 0.4642857142857143 0.10714285714285714 0.03571428571428571 0.07142857142857142
0.43137254901960786 0.45098039215686275 0.058823529411764705 0.0392156862745098 0.0196078431372549
0.03162055335968379 0.9169960474308301 0.03162055335968379 0.015810276679841896 0.003952569169960474
0.12 0.76 0.04 0.04 0.04
0.43333333333333335 0.4666666666666667 0.03333333333333333 0.03333333333333333 0.03333333333333333
0.23809523809523808 0.5238095238095238 0.14285714285714285 0.047619047619047616 0.047619047619047616
0.15789473684210525 0.631578947368421 0.10526315789473684 0.05263157894736842 0.05263157894736842
0.12903225806451613 0.7741935483870968 0.03225806451612903 0.03225806451612903 0.03225806451612903
0.13793103448275862 0.7586206896551724 0.034482758620689655 0.034482758620689655 0.034482758620689655
0.25 0.25 0.125 0.25 0.125
0.18181818181818182 0.5454545454545454 0.09090909090909091 0.09090909090909091 0.09090909090909091
0.16666666666666666 0.16666666666666666 0.3333333333333333 0.16666666666666666 0.16666666666666666
0.16666666666666666 0.5833333333333334 0.08333333333333333 0.08333333333333333 0.08333333333333333
0.25 0.5625 0.0625 0.0625 0.0625
0.36363636363636365 0.36363636363636365 0.09090909090909091 0.09090909090909091 0.09090909090909091
0.3333333333333333 0.3333333333333333 0.1111111111111111 0.1111111111111111 0.1111111111111111
0.04285714285714286 0.9 0.02857142857142857 0.014285714285714285 0.014285714285714285
0.08333333333333333 0.7777777777777778 0.027777777777777776 0.08333333333333333 0.027777777777777776
0.125 0.5 0.125 0.125 0.125
0.2222222222222222 0.3333333333333333 0.2222222222222222 0.1111111111111111 0.1111111111111111
0.22340425531914893 0.723404255319149 0.031914893617021274 0.010638297872340425 0.010638297872340425
0.1559633027522936 0.7614678899082569 0.027522935779816515 0.045871559633027525 0.009174311926605505
0.15384615384615385 0.6153846153846154 0.07692307692307693 0.07692307692307693 0.07692307692307693
0.2 0.5 0.1 0.1 0.1
0.07547169811320754 0.8113207547169812 0.018867924528301886 0.07547169811320754 0.018867924528301886
0.14285714285714285 0.42857142857142855 0.14285714285714285 0.14285714285714285 0.14285714285714285
0.09090909090909091 0.6363636363636364 0.09090909090909091 0.09090909090909091 0.09090909090909091
0.08333333333333333 0.5 0.25 0.08333333333333333 0.08333333333333333
0.10344827586206896 0.7586206896551724 0.034482758620689655 0.06896551724137931 0.034482758620689655
0.10067114093959731 0.8791946308724832 0.013422818791946308 0.003355704697986577 0.003355704697986577
0.2962962962962963 0.5185185185185185 0.1111111111111111 0.037037037037037035 0.037037037037037035
0.16666666666666666 0.3333333333333333 0.16666666666666666 0.16666666666666666 0.16666666666666666
0.42105263157894735 0.42105263157894735 0.05263157894736842 0.05263157894736842 0.05263157894736842
0.09523809523809523 0.7142857142857143 0.047619047619047616 0.09523809523809523 0.047619047619047616
0.3076923076923077 0.38461538461538464 0.15384615384615385 0.07692307692307693 0.07692307692307693
0.1724137931034483 0.7241379310344828 0.034482758620689655 0.034482758620689655 0.034482758620689655
