0.2857142857142857 0.5 0.07142857142857142 0.07142857142857142 0.07142857142857142
0.18181818181818182 0.6666666666666666 0.030303030303030304 0.09090909090909091 0.030303030303030304
0.22058823529411764 0.6764705882352942 0.058823529411764705 0.029411764705882353 0.014705882352941176
0.04477611940298507 0.8805970149253731 0.014925373134328358 0.04477611940298507 0.014925373134328358
0.16666666666666666 0.3333333333333333 0.16666666666666666 0.16666666666666666 0.16666666666666666
0.3333333333333333 0.4166666666666667 0.08333333333333333 0.08333333333333333 0.08333333333333333
0.07272727272727272 0.8727272727272727 0.01818181818181818 0.01818181818181818 0.01818181818181818
0.06666666666666667 0.6666666666666666 0.06666666666666667 0.13333333333333333 0.06666666666666667
0.125 0.5 0.125 0.125 0.125
0.16666666666666666 0.3333333333333333 0.16666666666666666 0.16666666666666666 0.16666666666666666
0.17099056603773585 0.8030660377358491 0.018867924528301886 0.00589622641509434 0.0011792452830188679
0.4117647058823529 0.4411764705882353 0.08823529411764706 0.029411764705882353 0.029411764705882353
0.10714285714285714 0.7142857142857143 0.10714285714285714 0.03571428571428571 0.03571428571428571
0.18518518518518517 0.5555555555555556 0.18518518518518517 0.037037037037037035 0.037037037037037035
0.2222222222222222 0.4444444444444444 0.1111111111111111 0.1111111111111111 0.1111111111111111
0.09523809523809523 0.6666666666666666 0.14285714285714285 0.047619047619047616 0.047619047619047616
0.06666666666666667 0.5333333333333333 0.26666666666666666 0.06666666666666667 0.06666666666666667
0.11764705882352941 0.47058823529411764 0.23529411764705882 0.11764705882352941 0.058823529411764705
0.08333333333333333 0.6666666666666666 0.16666666666666666 0.041666666666666664 0.041666666666666664
0.16666666666666666 0.3333333333333333 0.16666666666666666 0.16666666666666666 0.16666666666666666
0.2727272727272727 0.18181818181818182 0.09090909090909091 0.36363636363636365 0.09090909090909091
0.125 0.6875 0.0625 0.0625 0.0625
0.10526315789473684 0.6842105263157895 0.10526315789473684 0.05263157894736842 0.05263157894736842
0.046511627906976744 0.7674418604651163 0.046511627906976744 0.11627906976744186 0.023255813953488372
0.16666666666666666 0.3333333333333333 0.16666666666666666 0.16666666666666666 0.16666666666666666
0.25 0.375 0.125 0.125 0.125
0.08 0.52 0.2 0.16 0.04
0.16666666666666666 0.3333333333333333 0.16666666666666666 0.16666666666666666 0.16666666666666666
0.07692307692307693 0.7692307692307693 0.07692307692307693 0.038461538461538464 0.038461538461538464
0.25 0.5 0.07142857142857142 0.14285714285714285 0.03571428571428571
0.225 0.65 0.05 0.05 0.025
0.3 0.4 0.1 0.1 0.1
0.17333333333333334 0.5933333333333334 0.18666666666666668 0.04 0.006666666666666667
0.16071428571428573 0.7857142857142857 0.017857142857142856 0.017857142857142856 0.017857142857142856
0.18181818181818182 0.5454545454545454 0.09090909090909091 0.09090909090909091 0.09090909090909091
0.24444444444444444 0.4444444444444444 0.17777777777777778 0.1111111111111111 0.022222222222222223
0.23076923076923078 0.6730769230769231 0.038461538461538464 0.038461538461538464 0.019230769230769232
0.08 0.8 0.04 0.04 0.04
0.08888888888888889 0.8 0.044444444444444446 0.044444444444444446 0.022222222222222223
0.3076923076923077 0.46153846153846156 0.07692307692307693 0.07692307692307693 0.07692307692307693
0.3157894736842105 0.5263157894736842 0.05263157894736842 0.05263157894736842 0.05263157894736842
0.2 0.5 0.1 0.1 0.1
0.3333333333333333 0.16666666666666666 0.16666666666666666 0.16666666666666666 0.16666666666666666
0.32608695652173914 0.5760869565217391 0.07608695652173914 0.010869565217391304 0.010869565217391304
0.043478260869565216 0.7391304347826086 0.13043478260869565 0.043478260869565216 0.043478260869565216
0.14285714285714285 0.42857142857142855 0.14285714285714285 0.14285714285714285 0.14285714285714285
0.17142857142857143 0.6571428571428571 0.08571428571428572 0.05714285714285714 0.02857142857142857
0.6 0.2 0.06666666666666667 0.06666666666666667 0.06666666666666667
0.1956521739130435 0.6521739130434783 0.10869565217391304 0.021739130434782608 0.021739130434782608
0.11764705882352941 0.7352941176470589 0.08823529411764706 0.029411764705882353 0.029411764705882353
0.2222222222222222 0.2222222222222222 0.1111111111111111 0.3333333333333333 0.1111111111111111
0.125 0.5 0.125 0.125 0.125
0.11428571428571428 0.7428571428571429 0.08571428571428572 0.02857142857142857 0.02857142857142857
0.13636363636363635 0.45454545454545453 0.3181818181818182 0.045454545454545456 0.045454545454545456
0.28 0.36 0.28 0.04 0.04
0.1111111111111111 0.4444444444444444 0.2222222222222222 0.1111111111111111 0.1111111111111111
0.14285714285714285 0.42857142857142855 0.14285714285714285 0.14285714285714285 0.14285714285714285
0.05263157894736842 0.868421052631579 0.02631578947368421 0.02631578947368421 0.02631578947368421
0.2619047619047619 0.6428571428571429 0.023809523809523808 0.047619047619047616 0.023809523809523808
0.09782608695652174 0.7934782608695652 0.07065217391304347 0.03260869565217391 0.005434782608695652
0.08421052631578947 0.8385964912280702 0.06666666666666667 0.007017543859649123 0.0035087719298245615
0.10204081632653061 0.5102040816326531 0.3469387755102041 0.02040816326530612 0.02040816326530612
0.16666666666666666 0.6666666666666666 0.05555555555555555 0.05555555555555555 0.05555555555555555
0.045454545454545456 0.8181818181818182 0.045454545454545456 0.045454545454545456 0.045454545454545456
0.14285714285714285 0.42857142857142855 0.14285714285714285 0.14285714285714285 0.14285714285714285
0.23529411764705882 0.5294117647058824 0.058823529411764705 0.11764705882352941 0.058823529411764705
0.14285714285714285 0.2857142857142857 0.14285714285714285 0.2857142857142857 0.14285714285714285
0.23232323232323232 0.7070707070707071 0.030303030303030304 0.020202020202020204 0.010101010101010102
0.2916666666666667 0.5833333333333334 0.041666666666666664 0.041666666666666664 0.041666666666666664
0.13043478260869565 0.7391304347826086 0.043478260869565216 0.043478260869565216 0.043478260869565216
0.125 0.5 0.125 0.125 0.125
0.1111111111111111 0.5555555555555556 0.1111111111111111 0.1111111111111111 0.1111111111111111
0.2857142857142857 0.2857142857142857 0.14285714285714285 0.14285714285714285 0.14285714285714285
0.358974358974359 0.48717948717948717 0.02564102564102564 0.10256410256410256 0.02564102564102564
0.11764705882352941 0.7058823529411765 0.058823529411764705 0.058823529411764705 0.058823529411764705
0.14285714285714285 0.42857142857142855 0.14285714285714285 0.14285714285714285 0.14285714285714285
0.2 0.5 0.1 0.1 0.1
0.06666666666666667 0.7333333333333333 0.06666666666666667 0.06666666666666667 0.06666666666666667
0.15384615384615385 0.46153846153846156 0.07692307692307693 0.23076923076923078 0.07692307692307693
0.25 0.5 0.14285714285714285 0.07142857142857142 0.03571428571428571
0.13333333333333333 0.6666666666666666 0.06666666666666667 0.06666666666666667 0.06666666666666667
0.16666666666666666 0.7037037037037037 0.09259259259259259 0.018518518518518517 0.018518518518518517
0.4444444444444444 0.1111111111111111 0.2222222222222222 0.1111111111111111 0.1111111111111111
0.06304728546409807 0.8633975481611208 0.06654991243432574 0.005253940455341506 0.0017513134851138354
0.07692307692307693 0.6153846153846154 0.15384615384615385 0.07692307692307693 0.07692307692307693
0.17857142857142858 0.7142857142857143 0.03571428571428571 0.03571428571428571 0.03571428571428571
0.06666666666666667 0.5333333333333333 0.13333333333333333 0.13333333333333333 0.13333333333333333
0.27906976744186046 0.6046511627906976 0.06976744186046512 0.023255813953488372 0.023255813953488372
0.1111111111111111 0.3333333333333333 0.2222222222222222 0.2222222222222222 0.1111111111111111
0.05128205128205128 0.8717948717948718 0.02564102564102564 0.02564102564102564 0.02564102564102564
0.29411764705882354 0.47058823529411764 0.11764705882352941 0.058823529411764705 0.058823529411764705
0.14285714285714285 0.42857142857142855 0.14285714285714285 0.14285714285714285 0.14285714285714285
0.06666666666666667 0.8 0.06666666666666667 0.03333333333333333 0.03333333333333333
0.15384615384615385 0.5384615384615384 0.15384615384615385 0.07692307692307693 0.07692307692307693
0.07142857142857142 0.7142857142857143 0.07142857142857142 0.07142857142857142 0.07142857142857142
0.17647058823529413 0.6588235294117647 0.07058823529411765 0.08235294117647059 0.011764705882352941
0.17073170731707318 0.6829268292682927 0.0975609756097561 0.024390243902439025 0.024390243902439025
0.3333333333333333 0.4444444444444444 0.1111111111111111 0.05555555555555555 0.05555555555555555
0.14285714285714285 0.14285714285714285 0.42857142857142855 0.14285714285714285 0.14285714285714285
0.16666666666666666 0.3333333333333333 0.16666666666666666 0.16666666666666666 0.16666666666666666
0.17105263157894737 0.6052631578947368 0.14473684210526316 0.06578947368421052 0.013157894736842105
0.0625 0.6875 0.125 0.0625 0.0625
0.3333333333333333 0.5416666666666666 0.041666666666666664 0.0625 0.020833333333333332
0.4444444444444444 0.1111111111111111 0.2222222222222222 0.1111111111111111 0.1111111111111111
0.2727272727272727 0.2727272727272727 0.18181818181818182 0.18181818181818182 0.09090909090909091
0.16666666666666666 0.5 0.16666666666666666 0.08333333333333333 0.08333333333333333
0.2222222222222222 0.3333333333333333 0.1111111111111111 0.2222222222222222 0.1111111111111111
0.125 0.5 0.125 0.125 0.125
0.043478260869565216 0.8043478260869565 0.08695652173913043 0.043478260869565216 0.021739130434782608
0.07692307692307693 0.46153846153846156 0.23076923076923078 0.15384615384615385 0.07692307692307693
0.18181818181818182 0.2727272727272727 0.36363636363636365 0.09090909090909091 0.09090909090909091
0.23076923076923078 0.5384615384615384 0.07692307692307693 0.07692307692307693 0.07692307692307693
0.14705882352941177 0.7352941176470589 0.029411764705882353 0.058823529411764705 0.029411764705882353
0.05263157894736842 0.7368421052631579 0.05263157894736842 0.10526315789473684 0.05263157894736842
0.14285714285714285 0.42857142857142855 0.14285714285714285 0.14285714285714285 0.14285714285714285
0.037037037037037035 0.8148148148148148 0.07407407407407407 0.037037037037037035 0.037037037037037035
0.14942528735632185 0.6436781609195402 0.1724137931034483 0.022988505747126436 0.011494252873563218
0.07142857142857142 0.7142857142857143 0.07142857142857142 0.07142857142857142 0.07142857142857142
0.11538461538461539 0.6923076923076923 0.038461538461538464 0.11538461538461539 0.038461538461538464
0.26666666666666666 0.26666666666666666 0.3333333333333333 0.06666666666666667 0.06666666666666667
0.14285714285714285 0.2857142857142857 0.14285714285714285 0.2857142857142857 0.14285714285714285
0.27586206896551724 0.5172413793103449 0.13793103448275862 0.034482758620689655 0.034482758620689655
0.4 0.3333333333333333 0.13333333333333333 0.06666666666666667 0.06666666666666667
0.3333333333333333 0.16666666666666666 0.16666666666666666 0.16666666666666666 0.16666666666666666
0.08247422680412371 0.7525773195876289 0.13402061855670103 0.020618556701030927 0.010309278350515464
0.0234375 0.8828125 0.046875 0.0390625 0.0078125
0.14285714285714285 0.7142857142857143 0.03571428571428571 0.07142857142857142 0.03571428571428571
0.1794871794871795 0.7307692307692307 0.0641025641025641 0.01282051282051282 0.01282051282051282
0.17647058823529413 0.7058823529411765 0.058823529411764705 0.029411764705882353 0.029411764705882353
0.14285714285714285 0.7142857142857143 0.047619047619047616 0.047619047619047616 0.047619047619047616
0.3333333333333333 0.16666666666666666 0.16666666666666666 0.16666666666666666 0.16666666666666666
0.23809523809523808 0.5714285714285714 0.09523809523809523 0.047619047619047616 0.047619047619047616
0.3333333333333333 0.2222222222222222 0.2222222222222222 0.1111111111111111 0.1111111111111111
0.2413793103448276 0.5517241379310345 0.16091954022988506 0.034482758620689655 0.011494252873563218
0.07692307692307693 0.5384615384615384 0.07692307692307693 0.23076923076923078 0.07692307692307693
0.07692307692307693 0.6923076923076923 0.07692307692307693 0.07692307692307693 0.07692307692307693
0.125 0.53125 0.0625 0.25 0.03125
0.28 0.52 0.08 0.08 0.04
0.12121212121212122 0.7878787878787878 0.030303030303030304 0.030303030303030304 0.030303030303030304
0.13580246913580246 0.7654320987654321 0.04938271604938271 0.037037037037037035 0.012345679012345678
0.16666666666666666 0.4166666666666667 0.16666666666666666 0.16666666666666666 0.08333333333333333
0.125 0.25 0.125 0.375 0.125
0.1875 0.703125 0.078125 0.015625 0.015625
0.109375 0.71875 0.140625 0.015625 0.015625
0.2222222222222222 0.3333333333333333 0.2222222222222222 0.1111111111111111 0.1111111111111111
0.05555555555555555 0.7777777777777778 0.05555555555555555 0.05555555555555555 0.05555555555555555
0.18181818181818182 0.6818181818181818 0.045454545454545456 0.045454545454545456 0.045454545454545456
0.08620689655172414 0.7931034482758621 0.05172413793103448 0.05172413793103448 0.017241379310344827
0.15384615384615385 0.6153846153846154 0.07692307692307693 0.07692307692307693 0.07692307692307693
0.07142857142857142 0.8214285714285714 0.03571428571428571 0.03571428571428571 0.03571428571428571
0.16666666666666666 0.5555555555555556 0.05555555555555555 0.16666666666666666 0.05555555555555555
0.16129032258064516 0.6451612903225806 0.0967741935483871 0.06451612903225806 0.03225806451612903
0.25 0.5625 0.0625 0.0625 0.0625
0.16666666666666666 0.3333333333333333 0.16666666666666666 0.16666666666666666 0.16666666666666666
0.16666666666666666 0.5833333333333334 0.08333333333333333 0.08333333333333333 0.08333333333333333
0.1 0.6 0.1 0.1 0.1
0.05555555555555555 0.7777777777777778 0.05555555555555555 0.05555555555555555 0.05555555555555555
0.1320754716981132 0.8113207547169812 0.018867924528301886 0.018867924528301886 0.018867924528301886
0.125 0.5 0.125 0.125 0.125
0.125 0.5 0.125 0.125 0.125
0.14285714285714285 0.14285714285714285 0.2857142857142857 0.2857142857142857 0.14285714285714285
0.17647058823529413 0.6470588235294118 0.058823529411764705 0.058823529411764705 0.058823529411764705
0.16666666666666666 0.6428571428571429 0.09523809523809523 0.07142857142857142 0.023809523809523808
0.36363636363636365 0.2727272727272727 0.09090909090909091 0.18181818181818182 0.09090909090909091
0.14285714285714285 0.42857142857142855 0.14285714285714285 0.14285714285714285 0.14285714285714285
0.2727272727272727 0.45454545454545453 0.09090909090909091 0.09090909090909091 0.09090909090909091
0.4117647058823529 0.29411764705882354 0.11764705882352941 0.11764705882352941 0.058823529411764705
0.16666666666666666 0.3333333333333333 0.16666666666666666 0.16666666666666666 0.16666666666666666
0.09210526315789473 0.8026315789473685 0.07894736842105263 0.013157894736842105 0.013157894736842105
0.1951219512195122 0.6585365853658537 0.07317073170731707 0.04878048780487805 0.024390243902439025
0.35294117647058826 0.47058823529411764 0.058823529411764705 0.058823529411764705 0.058823529411764705
0.2222222222222222 0.6388888888888888 0.06944444444444445 0.05555555555555555 0.013888888888888888
0.04 0.76 0.12 0.04 0.04
0.2 0.6666666666666666 0.06666666666666667 0.03333333333333333 0.03333333333333333
0.11764705882352941 0.7058823529411765 0.058823529411764705 0.058823529411764705 0.058823529411764705
0.1044776119402985 0.7313432835820896 0.11940298507462686 0.029850746268656716 0.014925373134328358
0.16666666666666666 0.3333333333333333 0.16666666666666666 0.16666666666666666 0.16666666666666666
0.08333333333333333 0.6666666666666666 0.08333333333333333 0.08333333333333333 0.08333333333333333
0.1 0.6666666666666666 0.1 0.1 0.03333333333333333
0.22857142857142856 0.5714285714285714 0.11428571428571428 0.05714285714285714 0.02857142857142857
0.14285714285714285 0.2857142857142857 0.14285714285714285 0.2857142857142857 0.14285714285714285
0.25 0.5 0.05 0.15 0.05
0.07446808510638298 0.851063829787234 0.0425531914893617 0.02127659574468085 0.010638297872340425
0.09090909090909091 0.6363636363636364 0.09090909090909091 0.09090909090909091 0.09090909090909091
0.2 0.625 0.125 0.025 0.025
0.22727272727272727 0.5909090909090909 0.09090909090909091 0.045454545454545456 0.045454545454545456
0.24 0.56 0.08 0.08 0.04
0.11267605633802817 0.6901408450704225 0.16901408450704225 0.014084507042253521 0.014084507042253521
0.25 0.375 0.125 0.125 0.125
0.1282051282051282 0.7435897435897436 0.07692307692307693 0.02564102564102564 0.02564102564102564
0.1111111111111111 0.5555555555555556 0.1111111111111111 0.1111111111111111 0.1111111111111111
0.1111111111111111 0.5555555555555556 0.1111111111111111 0.1111111111111111 0.1111111111111111
0.16666666666666666 0.3333333333333333 0.16666666666666666 0.16666666666666666 0.16666666666666666
0.11764705882352941 0.7352941176470589 0.058823529411764705 0.058823529411764705 0.029411764705882353
0.14285714285714285 0.2857142857142857 0.14285714285714285 0.2857142857142857 0.14285714285714285
0.06666666666666667 0.7333333333333333 0.06666666666666667 0.06666666666666667 0.06666666666666667
0.2222222222222222 0.2222222222222222 0.3333333333333333 0.1111111111111111 0.1111111111111111
0.18181818181818182 0.6818181818181818 0.045454545454545456 0.045454545454545456 0.045454545454545456
0.16666666666666666 0.5833333333333334 0.08333333333333333 0.08333333333333333 0.08333333333333333
0.2857142857142857 0.14285714285714285 0.2857142857142857 0.14285714285714285 0.14285714285714285
0.07692307692307693 0.6923076923076923 0.07692307692307693 0.07692307692307693 0.07692307692307693
0.2857142857142857 0.2857142857142857 0.14285714285714285 0.14285714285714285 0.14285714285714285
0.1891891891891892 0.6756756756756757 0.08108108108108109 0.02702702702702703 0.02702702702702703
0.1568627450980392 0.7450980392156863 0.058823529411764705 0.0196078431372549 0.0196078431372549
0.3 0.2 0.3 0.1 0.1
0.2 0.5 0.1 0.1 0.1
0.2 0.4 0.1 0.2 0.1
0.0736196319018405 0.7423312883435583 0.03067484662576687 0.13496932515337423 0.018404907975460124
0.046153846153846156 0.8923076923076924 0.03076923076923077 0.015384615384615385 0.015384615384615385
0.09523809523809523 0.7142857142857143 0.047619047619047616 0.09523809523809523 0.047619047619047616
0.25 0.25 0.25 0.125 0.125
0.2727272727272727 0.5454545454545454 0.09090909090909091 0.06060606060606061 0.030303030303030304
0.2857142857142857 0.2857142857142857 0.14285714285714285 0.14285714285714285 0.14285714285714285
0.3076923076923077 0.38461538461538464 0.15384615384615385 0.07692307692307693 0.07692307692307693
0.08333333333333333 0.6666666666666666 0.08333333333333333 0.08333333333333333 0.08333333333333333
0.2 0.5 0.1 0.1 0.1
0.21739130434782608 0.6086956521739131 0.08695652173913043 0.043478260869565216 0.043478260869565216
0.07692307692307693 0.6923076923076923 0.07692307692307693 0.07692307692307693 0.07692307692307693
0.125 0.5 0.125 0.125 0.125
0.19718309859154928 0.647887323943662 0.09859154929577464 0.04225352112676056 0.014084507042253521
0.1 0.6 0.1 0.1 0.1
0.25 0.7115384615384616 0.019230769230769232 0.009615384615384616 0.009615384615384616
0.3333333333333333 0.3333333333333333 0.1111111111111111 0.1111111111111111 0.1111111111111111
0.1 0.6 0.1 0.1 0.1
0.06666666666666667 0.7333333333333333 0.06666666666666667 0.06666666666666667 0.06666666666666667
0.07142857142857142 0.7857142857142857 0.11428571428571428 0.014285714285714285 0.014285714285714285
0.11363636363636363 0.7727272727272727 0.045454545454545456 0.045454545454545456 0.022727272727272728
0.14285714285714285 0.42857142857142855 0.14285714285714285 0.14285714285714285 0.14285714285714285
0.1111111111111111 0.4444444444444444 0.2222222222222222 0.1111111111111111 0.1111111111111111
0.06818181818181818 0.8787878787878788 0.03787878787878788 0.007575757575757576 0.007575757575757576
0.1 0.6 0.1 0.1 0.1
0.14285714285714285 0.75 0.03571428571428571 0.03571428571428571 0.03571428571428571
0.2 0.6 0.06666666666666667 0.06666666666666667 0.06666666666666667
0.14285714285714285 0.42857142857142855 0.14285714285714285 0.14285714285714285 0.14285714285714285
0.35714285714285715 0.35714285714285715 0.07142857142857142 0.14285714285714285 0.07142857142857142
0.1111111111111111 0.7222222222222222 0.05555555555555555 0.05555555555555555 0.05555555555555555
0.16666666666666666 0.3333333333333333 0.16666666666666666 0.16666666666666666 0.16666666666666666
0.14893617021276595 0.6170212765957447 0.1702127659574468 0.0425531914893617 0.02127659574468085
0.14285714285714285 0.42857142857142855 0.14285714285714285 0.14285714285714285 0.14285714285714285
0.25 0.375 0.125 0.125 0.125
0.14285714285714285 0.7394957983193278 0.09243697478991597 0.01680672268907563 0.008403361344537815
0.2222222222222222 0.4444444444444444 0.1111111111111111 0.1111111111111111 0.1111111111111111
0.25 0.25 0.25 0.125 0.125
0.15789473684210525 0.5263157894736842 0.21052631578947367 0.05263157894736842 0.05263157894736842
0.17647058823529413 0.5882352941176471 0.11764705882352941 0.058823529411764705 0.058823529411764705
0.1 0.5 0.2 0.1 0.1
0.25 0.375 0.125 0.125 0.125
0.25 0.375 0.125 0.125 0.125
0.1875 0.5625 0.125 0.0625 0.0625
0.025 0.875 0.05 0.025 0.025
0.0967741935483871 0.7419354838709677 0.06451612903225806 0.06451612903225806 0.03225806451612903
0.04411764705882353 0.9044117647058824 0.029411764705882353 0.014705882352941176 0.007352941176470588
0.06666666666666667 0.7333333333333333 0.06666666666666667 0.06666666666666667 0.06666666666666667
0.1111111111111111 0.5555555555555556 0.1111111111111111 0.1111111111111111 0.1111111111111111
0.2857142857142857 0.5238095238095238 0.047619047619047616 0.09523809523809523 0.047619047619047616
0.08333333333333333 0.5 0.16666666666666666 0.16666666666666666 0.08333333333333333
0.1111111111111111 0.8055555555555556 0.027777777777777776 0.027777777777777776 0.027777777777777776
0.11764705882352941 0.7941176470588235 0.029411764705882353 0.029411764705882353 0.029411764705882353
0.19607843137254902 0.6274509803921569 0.11764705882352941 0.0392156862745098 0.0196078431372549
0.047619047619047616 0.8095238095238095 0.047619047619047616 0.047619047619047616 0.047619047619047616
0.17647058823529413 0.6470588235294118 0.058823529411764705 0.058823529411764705 0.058823529411764705
0.2631578947368421 0.5789473684210527 0.05263157894736842 0.05263157894736842 0.05263157894736842
0.2647058823529412 0.6470588235294118 0.029411764705882353 0.029411764705882353 0.029411764705882353
0.16666666666666666 0.3333333333333333 0.16666666666666666 0.16666666666666666 0.16666666666666666
0.19148936170212766 0.6170212765957447 0.10638297872340426 0.06382978723404255 0.02127659574468085
0.05 0.8 0.05 0.05 0.05
0.16279069767441862 0.727906976744186 0.07906976744186046 0.027906976744186046 0.002325581395348837
0.3333333333333333 0.16666666666666666 0.16666666666666666 0.16666666666666666 0.16666666666666666
0.07142857142857142 0.7142857142857143 0.07142857142857142 0.07142857142857142 0.07142857142857142
0.38461538461538464 0.3076923076923077 0.15384615384615385 0.07692307692307693 0.07692307692307693
0.35135135135135137 0.43243243243243246 0.16216216216216217 0.02702702702702703 0.02702702702702703
0.125 0.7880434782608695 0.07065217391304347 0.010869565217391304 0.005434782608695652
0.14285714285714285 0.42857142857142855 0.14285714285714285 0.14285714285714285 0.14285714285714285
0.12857142857142856 0.7571428571428571 0.08571428571428572 0.014285714285714285 0.014285714285714285
0.16666666666666666 0.3333333333333333 0.16666666666666666 0.16666666666666666 0.16666666666666666
0.1223021582733813 0.5827338129496403 0.2589928057553957 0.02877697841726619 0.007194244604316547
0.2857142857142857 0.2857142857142857 0.14285714285714285 0.14285714285714285 0.14285714285714285
0.1016949152542373 0.7288135593220338 0.13559322033898305 0.01694915254237288 0.01694915254237288
0.3333333333333333 0.3333333333333333 0.1111111111111111 0.1111111111111111 0.1111111111111111
0.16666666666666666 0.6666666666666666 0.1111111111111111 0.027777777777777776 0.027777777777777776
0.1111111111111111 0.6111111111111112 0.16666666666666666 0.05555555555555555 0.05555555555555555
0.2222222222222222 0.6111111111111112 0.05555555555555555 0.05555555555555555 0.05555555555555555
0.13043478260869565 0.6521739130434783 0.13043478260869565 0.043478260869565216 0.043478260869565216
0.16666666666666666 0.3333333333333333 0.16666666666666666 0.16666666666666666 0.16666666666666666
0.1 0.6 0.1 0.1 0.1
0.02 0.92 0.02 0.02 0.02
0.07894736842105263 0.8157894736842105 0.02631578947368421 0.05263157894736842 0.02631578947368421
0.06666666666666667 0.7333333333333333 0.06666666666666667 0.06666666666666667 0.06666666666666667
0.16666666666666666 0.6666666666666666 0.05555555555555555 0.05555555555555555 0.05555555555555555
0.1130952380952381 0.7976190476190477 0.06547619047619048 0.017857142857142856 0.005952380952380952
0.3333333333333333 0.5370370370370371 0.07407407407407407 0.037037037037037035 0.018518518518518517
0.22 0.72 0.02 0.02 0.02
0.05405405405405406 0.8108108108108109 0.02702702702702703 0.08108108108108109 0.02702702702702703
0.5 0.3333333333333333 0.05555555555555555 0.05555555555555555 0.05555555555555555
0.2857142857142857 0.2857142857142857 0.14285714285714285 0.14285714285714285 0.14285714285714285
0.09090909090909091 0.5454545454545454 0.09090909090909091 0.18181818181818182 0.09090909090909091
0.1111111111111111 0.5555555555555556 0.1111111111111111 0.1111111111111111 0.1111111111111111
0.22818791946308725 0.7046979865771812 0.03355704697986577 0.020134228187919462 0.013422818791946308
0.043478260869565216 0.8260869565217391 0.043478260869565216 0.043478260869565216 0.043478260869565216
0.28125 0.625 0.03125 0.03125 0.03125
0.125 0.6666666666666666 0.125 0.041666666666666664 0.041666666666666664
0.07692307692307693 0.6923076923076923 0.07692307692307693 0.07692307692307693 0.07692307692307693
0.07692307692307693 0.6923076923076923 0.07692307692307693 0.07692307692307693 0.07692307692307693
0.22727272727272727 0.6 0.10909090909090909 0.05454545454545454 0.00909090909090909
0.13953488372093023 0.627906976744186 0.18604651162790697 0.023255813953488372 0.023255813953488372
0.22033898305084745 0.7046004842615012 0.06053268765133172 0.012106537530266344 0.002421307506053269
0.08333333333333333 0.6666666666666666 0.08333333333333333 0.08333333333333333 0.08333333333333333
0.14285714285714285 0.42857142857142855 0.14285714285714285 0.14285714285714285 0.14285714285714285
0.2857142857142857 0.2857142857142857 0.14285714285714285 0.14285714285714285 0.14285714285714285
0.2631578947368421 0.6541353383458647 0.05263157894736842 0.022556390977443608 0.007518796992481203
0.08333333333333333 0.6666666666666666 0.08333333333333333 0.08333333333333333 0.08333333333333333
0.125 0.775 0.05 0.025 0.025
0.06666666666666667 0.6666666666666666 0.13333333333333333 0.06666666666666667 0.06666666666666667
0.3333333333333333 0.16666666666666666 0.16666666666666666 0.16666666666666666 0.16666666666666666
0.09090909090909091 0.6363636363636364 0.09090909090909091 0.09090909090909091 0.09090909090909091
0.08571428571428572 0.6857142857142857 0.17142857142857143 0.02857142857142857 0.02857142857142857
0.07407407407407407 0.8148148148148148 0.037037037037037035 0.037037037037037035 0.037037037037037035
0.3157894736842105 0.5263157894736842 0.05263157894736842 0.05263157894736842 0.05263157894736842
0.125 0.5 0.125 0.125 0.125
0.23255813953488372 0.5290697674418605 0.18023255813953487 0.05232558139534884 0.005813953488372093
0.14285714285714285 0.42857142857142855 0.14285714285714285 0.14285714285714285 0.14285714285714285
0.057692307692307696 0.8076923076923077 0.057692307692307696 0.057692307692307696 0.019230769230769232
0.1111111111111111 0.4444444444444444 0.2222222222222222 0.1111111111111111 0.1111111111111111
0.18181818181818182 0.45454545454545453 0.18181818181818182 0.13636363636363635 0.045454545454545456
0.25 0.5416666666666666 0.041666666666666664 0.125 0.041666666666666664
0.11764705882352941 0.7058823529411765 0.058823529411764705 0.058823529411764705 0.058823529411764705
0.1 0.7 0.1 0.05 0.05
0.05263157894736842 0.7368421052631579 0.10526315789473684 0.05263157894736842 0.05263157894736842
0.07692307692307693 0.6923076923076923 0.07692307692307693 0.07692307692307693 0.07692307692307693
0.2 0.6 0.06666666666666667 0.06666666666666667 0.06666666666666667
0.09090909090909091 0.6363636363636364 0.09090909090909091 0.09090909090909091 0.09090909090909091
0.08333333333333333 0.8333333333333334 0.05555555555555555 0.013888888888888888 0.013888888888888888
0.08333333333333333 0.5 0.25 0.08333333333333333 0.08333333333333333
0.2564102564102564 0.6410256410256411 0.05128205128205128 0.02564102564102564 0.02564102564102564
0.16666666666666666 0.3333333333333333 0.16666666666666666 0.16666666666666666 0.16666666666666666
0.3157894736842105 0.42105263157894735 0.10526315789473684 0.10526315789473684 0.05263157894736842
0.14285714285714285 0.42857142857142855 0.14285714285714285 0.14285714285714285 0.14285714285714285
0.11904761904761904 0.7619047619047619 0.07142857142857142 0.023809523809523808 0.023809523809523808
0.16666666666666666 0.3333333333333333 0.16666666666666666 0.16666666666666666 0.16666666666666666
0.16 0.72 0.04 0.04 0.04
0.16666666666666666 0.3333333333333333 0.16666666666666666 0.16666666666666666 0.16666666666666666
0.20418848167539266 0.581151832460733 0.17801047120418848 0.031413612565445025 0.005235602094240838
0.2 0.5 0.1 0.1 0.1
0.1875 0.625 0.0625 0.0625 0.0625
0.15789473684210525 0.631578947368421 0.10526315789473684 0.05263157894736842 0.05263157894736842
0.38461538461538464 0.3076923076923077 0.07692307692307693 0.15384615384615385 0.07692307692307693
0.125 0.7083333333333334 0.08333333333333333 0.041666666666666664 0.041666666666666664
0.1 0.6 0.1 0.1 0.1
0.16666666666666666 0.3333333333333333 0.16666666666666666 0.16666666666666666 0.16666666666666666
0.1 0.6 0.1 0.1 0.1
0.08333333333333333 0.6666666666666666 0.08333333333333333 0.08333333333333333 0.08333333333333333
0.07692307692307693 0.6923076923076923 0.07692307692307693 0.07692307692307693 0.07692307692307693
0.14814814814814814 0.5555555555555556 0.14814814814814814 0.1111111111111111 0.037037037037037035
0.14285714285714285 0.42857142857142855 0.14285714285714285 0.14285714285714285 0.14285714285714285
0.2127659574468085 0.5638297872340425 0.0851063829787234 0.11702127659574468 0.02127659574468085
0.13636363636363635 0.6363636363636364 0.13636363636363635 0.045454545454545456 0.045454545454545456
0.19607843137254902 0.7058823529411765 0.058823529411764705 0.0196078431372549 0.0196078431372549
0.20689655172413793 0.6896551724137931 0.034482758620689655 0.034482758620689655 0.034482758620689655
0.125 0.5 0.125 0.125 0.125
0.16666666666666666 0.7333333333333333 0.03333333333333333 0.03333333333333333 0.03333333333333333
0.09090909090909091 0.2727272727272727 0.09090909090909091 0.45454545454545453 0.09090909090909091
0.375 0.25 0.125 0.125 0.125
0.10416666666666667 0.7916666666666666 0.041666666666666664 0.041666666666666664 0.020833333333333332
0.14285714285714285 0.42857142857142855 0.14285714285714285 0.14285714285714285 0.14285714285714285
0.2 0.4 0.2 0.1 0.1
0.05714285714285714 0.819047619047619 0.09523809523809523 0.01904761904761905 0.009523809523809525
0.14285714285714285 0.42857142857142855 0.14285714285714285 0.14285714285714285 0.14285714285714285
0.3 0.4 0.1 0.1 0.1
0.3902439024390244 0.43902439024390244 0.0975609756097561 0.04878048780487805 0.024390243902439025
0.29411764705882354 0.35294117647058826 0.11764705882352941 0.17647058823529413 0.058823529411764705
0.034482758620689655 0.8620689655172413 0.06896551724137931 0.017241379310344827 0.017241379310344827
0.35714285714285715 0.35714285714285715 0.14285714285714285 0.07142857142857142 0.07142857142857142
0.05555555555555555 0.7777777777777778 0.05555555555555555 0.05555555555555555 0.05555555555555555
0.1694915254237288 0.7288135593220338 0.06779661016949153 0.01694915254237288 0.01694915254237288
0.18333333333333332 0.7333333333333333 0.03333333333333333 0.03333333333333333 0.016666666666666666
0.1297709923664122 0.7862595419847328 0.03816793893129771 0.03816793893129771 0.007633587786259542
0.05 0.8666666666666667 0.05 0.016666666666666666 0.016666666666666666
0.125 0.5 0.125 0.125 0.125
0.07142857142857142 0.7857142857142857 0.03571428571428571 0.07142857142857142 0.03571428571428571
0.16666666666666666 0.3333333333333333 0.16666666666666666 0.16666666666666666 0.16666666666666666
0.2222222222222222 0.4444444444444444 0.1111111111111111 0.1111111111111111 0.1111111111111111
0.23809523809523808 0.6428571428571429 0.08333333333333333 0.02976190476190476 0.005952380952380952
0.3 0.5666666666666667 0.06666666666666667 0.03333333333333333 0.03333333333333333
0.058823529411764705 0.8529411764705882 0.058823529411764705 0.014705882352941176 0.014705882352941176
0.08333333333333333 0.5833333333333334 0.16666666666666666 0.08333333333333333 0.08333333333333333
0.2777777777777778 0.5555555555555556 0.05555555555555555 0.05555555555555555 0.05555555555555555
0.03225806451612903 0.8064516129032258 0.0967741935483871 0.03225806451612903 0.03225806451612903
0.2 0.74 0.02 0.02 0.02
0.125 0.4375 0.1875 0.1875 0.0625
0.15384615384615385 0.6923076923076923 0.07692307692307693 0.038461538461538464 0.038461538461538464
0.2222222222222222 0.3333333333333333 0.2222222222222222 0.1111111111111111 0.1111111111111111
0.32 0.52 0.08 0.04 0.04
0.12605042016806722 0.8151260504201681 0.04201680672268908 0.008403361344537815 0.008403361344537815
0.1 0.6 0.1 0.1 0.1
0.09090909090909091 0.6363636363636364 0.09090909090909091 0.09090909090909091 0.09090909090909091
0.42857142857142855 0.14285714285714285 0.14285714285714285 0.14285714285714285 0.14285714285714285
0.2 0.5 0.1 0.1 0.1
0.14285714285714285 0.42857142857142855 0.14285714285714285 0.14285714285714285 0.14285714285714285
0.3076923076923077 0.5384615384615384 0.038461538461538464 0.07692307692307693 0.038461538461538464
0.07894736842105263 0.8421052631578947 0.05263157894736842 0.013157894736842105 0.013157894736842105
0.16666666666666666 0.3333333333333333 0.16666666666666666 0.16666666666666666 0.16666666666666666
0.1111111111111111 0.5555555555555556 0.1111111111111111 0.1111111111111111 0.1111111111111111
0.2 0.6 0.1 0.05 0.05
0.16666666666666666 0.16666666666666666 0.3333333333333333 0.16666666666666666 0.16666666666666666
0.1111111111111111 0.3333333333333333 0.2222222222222222 0.2222222222222222 0.1111111111111111
0.125 0.5 0.125 0.125 0.125
0.14285714285714285 0.5714285714285714 0.14285714285714285 0.07142857142857142 0.07142857142857142
0.1111111111111111 0.4444444444444444 0.1111111111111111 0.2222222222222222 0.1111111111111111
0.2608695652173913 0.5217391304347826 0.13043478260869565 0.043478260869565216 0.043478260869565216
0.034782608695652174 0.9391304347826087 0.020289855072463767 0.004347826086956522 0.0014492753623188406
0.1 0.6 0.1 0.1 0.1
0.23809523809523808 0.5714285714285714 0.047619047619047616 0.09523809523809523 0.047619047619047616
0.14705882352941177 0.6470588235294118 0.14705882352941177 0.029411764705882353 0.029411764705882353
0.23076923076923078 0.6923076923076923 0.02564102564102564 0.02564102564102564 0.02564102564102564
0.2857142857142857 0.5142857142857142 0.14285714285714285 0.02857142857142857 0.02857142857142857
0.1 0.4 0.1 0.3 0.1
0.1 0.6 0.1 0.1 0.1
0.125 0.5 0.125 0.125 0.125
0.35714285714285715 0.5 0.03571428571428571 0.03571428571428571 0.07142857142857142
0.4230769230769231 0.46153846153846156 0.057692307692307696 0.038461538461538464 0.019230769230769232
0.44 0.44 0.04 0.04 0.04
0.14285714285714285 0.7142857142857143 0.047619047619047616 0.047619047619047616 0.047619047619047616
0.15 0.65 0.1 0.05 0.05
0.1111111111111111 0.7777777777777778 0.037037037037037035 0.037037037037037035 0.037037037037037035
0.12903225806451613 0.7419354838709677 0.03225806451612903 0.06451612903225806 0.03225806451612903
0.2222222222222222 0.3333333333333333 0.1111111111111111 0.2222222222222222 0.1111111111111111
0.16666666666666666 0.16666666666666666 0.16666666666666666 0.3333333333333333 0.16666666666666666
0.1875 0.625 0.0625 0.0625 0.0625
0.3055555555555556 0.5 0.05555555555555555 0.1111111111111111 0.027777777777777776
0.057971014492753624 0.8695652173913043 0.043478260869565216 0.014492753623188406 0.014492753623188406
0.3 0.3 0.2 0.1 0.1
0.11764705882352941 0.7647058823529411 0.029411764705882353 0.058823529411764705 0.029411764705882353
0.125 0.5 0.125 0.125 0.125
0.08333333333333333 0.7916666666666666 0.041666666666666664 0.041666666666666664 0.041666666666666664
0.25 0.375 0.125 0.125 0.125
0.16129032258064516 0.4838709677419355 0.2903225806451613 0.03225806451612903 0.03225806451612903
0.06666666666666667 0.8133333333333334 0.08 0.02666666666666667 0.013333333333333334
0.17293233082706766 0.6090225563909775 0.16541353383458646 0.045112781954887216 0.007518796992481203
0.07692307692307693 0.6923076923076923 0.07692307692307693 0.07692307692307693 0.07692307692307693
0.14285714285714285 0.42857142857142855 0.14285714285714285 0.14285714285714285 0.14285714285714285
0.10344827586206896 0.7241379310344828 0.10344827586206896 0.034482758620689655 0.034482758620689655
0.09621993127147767 0.8762886597938144 0.020618556701030927 0.003436426116838488 0.003436426116838488
0.16666666666666666 0.3333333333333333 0.16666666666666666 0.16666666666666666 0.16666666666666666
0.4117647058823529 0.4117647058823529 0.058823529411764705 0.058823529411764705 0.058823529411764705
0.11428571428571428 0.8 0.02857142857142857 0.02857142857142857 0.02857142857142857
0.36363636363636365 0.2727272727272727 0.18181818181818182 0.09090909090909091 0.09090909090909091
0.05555555555555555 0.5555555555555556 0.2777777777777778 0.05555555555555555 0.05555555555555555
0.4090909090909091 0.18181818181818182 0.2727272727272727 0.09090909090909091 0.045454545454545456
0.15789473684210525 0.7368421052631579 0.07017543859649122 0.017543859649122806 0.017543859649122806
0.2 0.34545454545454546 0.36363636363636365 0.07272727272727272 0.01818181818181818
0.5384615384615384 0.23076923076923078 0.07692307692307693 0.07692307692307693 0.07692307692307693
0.2857142857142857 0.2857142857142857 0.14285714285714285 0.14285714285714285 0.14285714285714285
0.08333333333333333 0.7916666666666666 0.041666666666666664 0.041666666666666664 0.041666666666666664
0.19166666666666668 0.6916666666666667 0.1 0.008333333333333333 0.008333333333333333
0.25 0.25 0.125 0.25 0.125
0.1875 0.625 0.0625 0.0625 0.0625
0.15217391304347827 0.717391304347826 0.08695652173913043 0.021739130434782608 0.021739130434782608
0.3333333333333333 0.2857142857142857 0.2857142857142857 0.047619047619047616 0.047619047619047616
0.11538461538461539 0.38461538461538464 0.38461538461538464 0.07692307692307693 0.038461538461538464
0.2 0.4666666666666667 0.06666666666666667 0.2 0.06666666666666667
0.17647058823529413 0.6862745098039216 0.058823529411764705 0.058823529411764705 0.0196078431372549
0.3333333333333333 0.16666666666666666 0.16666666666666666 0.16666666666666666 0.16666666666666666
0.14285714285714285 0.42857142857142855 0.14285714285714285 0.14285714285714285 0.14285714285714285
0.13725490196078433 0.803921568627451 0.0196078431372549 0.0196078431372549 0.0196078431372549
0.047619047619047616 0.8095238095238095 0.047619047619047616 0.047619047619047616 0.047619047619047616
0.08695652173913043 0.7391304347826086 0.08695652173913043 0.043478260869565216 0.043478260869565216
0.014285714285714285 0.7857142857142857 0.15714285714285714 0.02857142857142857 0.014285714285714285
0.07692307692307693 0.6923076923076923 0.07692307692307693 0.07692307692307693 0.07692307692307693
0.35714285714285715 0.42857142857142855 0.07142857142857142 0.07142857142857142 0.07142857142857142
